SDR	7.7.6

-----Logger Information-----
Model #	3090
Serial #	13240
Hardware Rev.	011-010-023

-----Site Information-----
Site #	0066
Site Desc	
Project Code	
Project Desc	
Site Location	
Site Elevation	177
Latitude	N 062° 02.252'
Longitude	W 163° 14.820'
Time offset (hrs)	-9

-----Sensor Information-----

Channel #	1
Type	1
Description	NRG #40 Anem. m/s
Details	
Serial Number	SN:
Height	39   m
Scale Factor	0.765
Offset	0.35
Units	m/s

Channel #	2
Type	1
Description	NRG IceFreeIII m/s
Details	
Serial Number	SN:
Height	29   m
Scale Factor	0.572
Offset	1
Units	m/s

Channel #	3
Type	1
Description	NRG #40 Anem. m/s
Details	
Serial Number	SN:
Height	30   m
Scale Factor	0.765
Offset	0.35
Units	m/s

Channel #	4
Type	1
Description	NRG #40 Anem. m/s
Details	
Serial Number	SN:
Height	21   m
Scale Factor	0.765
Offset	0.35
Units	m/s

Channel #	5
Type	0
Description	No SCM Installed
Details	
Serial Number	--------
Height	------
Scale Factor	0
Offset	0
Units	-----

Channel #	6
Type	0
Description	No SCM Installed
Details	
Serial Number	--------
Height	------
Scale Factor	0
Offset	0
Units	-----

Channel #	7
Type	3
Description	#200P Wind Vane
Details	
Serial Number	SN:
Height	39   m
Scale Factor	0.351
Offset	260
Units	deg

Channel #	8
Type	3
Description	#200P Wind Vane
Details	
Serial Number	SN:
Height	29   m
Scale Factor	0.351
Offset	350
Units	deg

Channel #	9
Type	4
Description	Custom
Details	
Serial Number	SN:
Height	m
Scale Factor	0.021
Offset	0
Units	volts

Channel #	10
Type	4
Description	NRG #110S Temp  C
Details	
Serial Number	SN:
Height	2    m
Scale Factor	0.136
Offset	-86.383
Units	C

Channel #	11
Type	0
Description	No SCM Installed
Details	
Serial Number	--------
Height	------
Scale Factor	0
Offset	0
Units	-----

Channel #	12
Type	4
Description	RH-5 Humidity %RH
Details	
Serial Number	.adg
Height	1    m
Scale Factor	0.098
Offset	0
Units	%RH

Date & Time Stamp	CH1Avg	CH1SD	CH1Max	CH1Min	CH2Avg	CH2SD	CH2Max	CH2Min	CH3Avg	CH3SD	CH3Max	CH3Min	CH4Avg	CH4SD	CH4Max	CH4Min	CH5Avg	CH5SD	CH5Max	CH5Min	CH6Avg	CH6SD	CH6Max	CH6Min	CH7Avg	CH7SD	CH7Max	CH7Min	CH8Avg	CH8SD	CH8Max	CH8Min	CH9Avg	CH9SD	CH9Max	CH9Min	CH10Avg	CH10SD	CH10Max	CH10Min	CH11Avg	CH11SD	CH11Max	CH11Min	CH12Avg	CH12SD	CH12Max	CH12Min
02/25/2009 00:00:00	0.4	0.0	0.4	0.4	1.0	0.0	1.0	1.0	0.4	0.0	0.4	0.4	0.4	0.0	0.4	0.4									198	0	260	260	69	0	350	350	12.3	0.0	12.3	12.2	-3.3	0.0	-3.4	-3.4					98.7	0.1	99.0	98.2
02/25/2009 00:10:00	0.4	0.0	0.4	0.4	1.0	0.0	1.0	1.0	0.4	0.0	0.4	0.4	0.4	0.0	0.4	0.4									198	0	260	260	69	0	350	350	12.3	0.0	12.3	12.2	-3.3	0.0	-3.1	-3.4					98.8	0.1	99.0	98.2
02/25/2009 00:20:00	0.4	0.0	0.4	0.4	1.0	0.0	1.0	1.0	0.4	0.0	0.4	0.4	0.4	0.0	0.4	0.4									198	0	260	260	69	0	350	350	12.3	0.0	12.3	12.2	-3.3	0.0	-3.1	-3.4					98.9	0.0	99.0	98.5
02/25/2009 00:30:00	0.4	0.0	0.4	0.4	1.0	0.0	1.0	1.0	0.4	0.0	0.4	0.4	0.4	0.0	0.4	0.4									198	0	260	260	69	0	350	350	12.3	0.0	12.3	12.2	-3.3	0.0	-3.1	-3.4					98.9	0.1	99.0	98.5
02/25/2009 00:40:00	0.4	0.0	0.4	0.4	1.0	0.0	1.0	1.0	0.4	0.0	0.4	0.4	0.4	0.0	0.4	0.4									198	0	260	260	69	0	350	350	12.3	0.0	12.3	12.2	-3.3	0.0	-3.1	-3.4					98.7	0.1	99.0	98.2
02/25/2009 00:50:00	0.4	0.0	0.4	0.4	1.0	0.0	1.0	1.0	0.4	0.0	0.4	0.4	0.4	0.0	0.4	0.4									198	0	260	260	69	0	350	350	12.3	0.0	12.3	12.2	-3.3	0.0	-3.4	-3.4					98.7	0.1	99.0	98.2
02/25/2009 01:00:00	0.4	0.0	0.4	0.4	1.0	0.0	1.0	1.0	0.4	0.0	0.4	0.4	0.4	0.0	0.4	0.4									198	0	260	260	69	0	350	350	12.3	0.0	12.3	12.2	-3.4	0.0	-3.4	-3.4					98.7	0.1	99.0	98.2
02/25/2009 01:10:00	0.4	0.0	0.4	0.4	1.0	0.0	1.0	1.0	0.4	0.0	0.4	0.4	0.4	0.0	0.4	0.4									198	0	260	260	69	0	350	350	12.3	0.0	12.3	12.2	-3.3	0.0	-3.4	-3.4					98.8	0.1	99.0	98.2
02/25/2009 01:20:00	0.4	0.0	0.4	0.4	1.0	0.0	1.0	1.0	0.4	0.0	0.4	0.4	0.4	0.0	0.4	0.4									198	0	260	260	69	0	350	350	12.2	0.0	12.3	12.2	-3.3	0.0	-3.1	-3.4					98.7	0.1	99.0	98.2
02/25/2009 01:30:00	0.4	0.0	0.4	0.4	1.0	0.0	1.0	1.0	0.4	0.0	0.4	0.4	0.4	0.0	0.4	0.4									198	0	260	260	69	0	350	350	12.2	0.0	12.3	12.2	-3.5	0.0	-3.4	-3.6					98.7	0.1	99.0	98.2
02/25/2009 01:40:00	0.4	0.0	0.4	0.4	1.0	0.0	1.0	1.0	0.4	0.0	0.4	0.4	0.4	0.0	0.4	0.4									198	0	260	260	69	0	350	350	12.2	0.0	12.3	12.2	-3.6	0.0	-3.4	-3.8					98.5	0.1	98.7	98.2
02/25/2009 01:50:00	0.4	0.0	0.4	0.4	1.0	0.0	1.0	1.0	0.4	0.0	0.4	0.4	0.4	0.0	0.4	0.4									198	0	260	260	69	0	350	350	12.2	0.0	12.3	12.2	-3.9	0.0	-3.6	-3.8					98.5	0.0	98.7	97.9
02/25/2009 02:00:00	0.4	0.0	0.4	0.4	1.0	0.0	1.0	1.0	0.4	0.0	0.4	0.4	0.4	0.0	0.4	0.4									198	0	260	260	69	0	350	350	12.2	0.0	12.3	12.2	-3.9	0.0	-3.8	-4.0					98.3	0.0	98.7	97.9
02/25/2009 02:10:00	0.4	0.0	0.4	0.4	1.0	0.0	1.0	1.0	0.4	0.0	0.4	0.4	0.4	0.0	0.4	0.4									198	0	260	260	69	0	350	350	12.2	0.0	12.3	12.2	-4.0	0.0	-3.8	-4.0					98.3	0.0	98.5	97.7
02/25/2009 02:20:00	0.4	0.0	0.4	0.4	1.0	0.0	1.0	1.0	0.4	0.0	0.4	0.4	0.4	0.0	0.4	0.4									198	0	260	260	69	0	350	350	12.2	0.0	12.3	12.2	-4.0	0.0	-3.8	-4.0					98.2	0.0	98.5	97.7
02/25/2009 02:30:00	0.4	0.0	0.4	0.4	1.0	0.0	1.0	1.0	0.4	0.0	0.4	0.4	0.4	0.0	0.4	0.4									198	0	260	260	69	0	350	350	12.1	0.2	12.3	11.7	-3.9	0.0	-3.8	-4.0					98.5	0.8	100.4	97.9
02/25/2009 02:40:00	0.4	0.0	0.4	0.4	1.0	0.0	1.0	1.0	0.4	0.0	0.4	0.4	0.4	0.0	0.4	0.4									198	0	260	260	69	0	350	350	12.2	0.0	12.3	12.2	-3.8	0.0	-3.6	-3.8					98.3	0.0	98.5	97.9
02/25/2009 02:50:00	0.4	0.0	0.4	0.4	1.0	0.0	1.0	1.0	0.4	0.0	0.4	0.4	0.4	0.0	0.4	0.4									198	0	260	260	69	0	350	350	12.2	0.0	12.3	12.2	-3.6	0.0	-3.6	-3.8					98.3	0.0	98.7	97.9
02/25/2009 03:00:00	0.4	0.0	0.4	0.4	1.0	0.0	1.0	1.0	0.4	0.0	0.4	0.4	0.4	0.0	0.4	0.4									198	0	260	260	69	0	350	350	12.2	0.2	12.2	11.7	-3.6	0.0	-3.4	-3.6					98.6	0.6	100.4	97.9
02/25/2009 03:10:00	0.4	0.0	0.4	0.4	1.0	0.0	1.0	1.0	0.4	0.0	0.4	0.4	0.4	0.0	0.4	0.4									198	0	260	260	69	0	350	350	12.2	0.0	12.2	12.2	-3.5	0.0	-3.4	-3.6					98.5	0.1	98.7	98.2
02/25/2009 03:20:00	0.4	0.0	0.4	0.4	1.0	0.0	1.0	1.0	0.4	0.0	0.4	0.4	0.4	0.0	0.4	0.4									198	0	260	260	69	0	350	350	12.2	0.0	12.2	12.2	-3.3	0.0	-3.1	-3.4					98.6	0.0	99.0	98.2
02/25/2009 03:30:00	0.4	0.0	0.4	0.4	1.0	0.0	1.0	1.0	0.4	0.0	0.4	0.4	0.4	0.0	0.4	0.4									198	0	260	260	69	0	350	350	12.2	0.0	12.2	12.2	-3.2	0.0	-3.1	-3.4					98.7	0.1	99.0	98.2
02/25/2009 03:40:00	0.4	0.0	0.4	0.4	1.0	0.0	1.0	1.0	0.4	0.0	0.4	0.4	0.4	0.0	0.4	0.4									198	0	260	260	69	0	350	350	12.2	0.0	12.2	12.2	-3.2	0.0	-3.1	-3.4					98.7	0.1	99.0	98.2
02/25/2009 03:50:00	0.4	0.0	0.4	0.4	1.0	0.0	1.0	1.0	0.4	0.0	0.4	0.4	0.4	0.0	0.4	0.4									198	0	260	260	69	0	350	350	12.2	0.0	12.2	12.2	-3.2	0.0	-3.1	-3.4					98.7	0.1	99.0	98.2
02/25/2009 04:00:00	0.4	0.0	0.4	0.4	1.0	0.0	1.0	1.0	0.4	0.0	0.4	0.4	0.4	0.0	0.4	0.4									198	0	260	260	69	0	350	350	12.2	0.0	12.2	12.2	-3.2	0.0	-3.1	-3.4					98.8	0.1	99.0	98.2
02/25/2009 04:10:00	0.4	0.0	0.4	0.4	1.0	0.0	1.0	1.0	0.4	0.0	0.4	0.4	0.4	0.0	0.4	0.4									198	0	260	260	69	0	350	350	12.2	0.0	12.2	12.2	-3.3	0.0	-3.1	-3.4					98.8	0.1	99.0	98.2
02/25/2009 04:20:00	0.4	0.0	0.4	0.4	1.0	0.0	1.0	1.0	0.4	0.0	0.4	0.4	0.4	0.0	0.4	0.4									198	0	260	260	69	0	350	350	12.2	0.0	12.2	12.2	-3.3	0.0	-3.1	-3.4					98.8	0.1	99.0	98.5
02/25/2009 04:30:00	0.4	0.0	0.4	0.4	1.0	0.0	1.0	1.0	0.4	0.0	0.4	0.4	0.4	0.0	0.4	0.4									198	0	260	260	69	0	350	350	12.2	0.0	12.2	12.2	-3.3	0.0	-3.1	-3.4					98.8	0.1	99.0	98.2
02/25/2009 04:40:00	0.4	0.0	0.4	0.4	1.0	0.0	1.0	1.0	0.4	0.0	0.4	0.4	0.4	0.0	0.4	0.4									198	0	260	260	69	0	350	350	12.2	0.0	12.2	12.2	-3.3	0.0	-3.4	-3.4					98.8	0.1	99.0	98.2
02/25/2009 04:50:00	0.4	0.0	0.4	0.4	1.0	0.0	1.0	1.0	0.4	0.0	0.4	0.4	0.4	0.0	0.4	0.4									198	0	260	260	69	0	350	350	12.2	0.0	12.2	12.2	-3.3	0.0	-3.1	-3.4					98.8	0.1	99.0	98.2
02/25/2009 05:00:00	0.4	0.0	0.4	0.4	1.0	0.0	1.0	1.0	0.4	0.0	0.4	0.4	0.4	0.0	0.4	0.4									198	0	260	260	69	0	350	350	12.2	0.0	12.2	12.2	-3.4	0.0	-3.4	-3.4					98.7	0.1	99.0	98.2
02/25/2009 05:10:00	0.4	0.0	0.4	0.4	1.0	0.0	1.0	1.0	0.4	0.0	0.4	0.4	0.4	0.0	0.4	0.4									198	0	260	260	69	0	350	350	12.2	0.0	12.2	12.2	-3.4	0.0	-3.4	-3.6					98.7	0.1	99.0	98.2
02/25/2009 05:20:00	0.4	0.0	0.4	0.4	1.0	0.0	1.0	1.0	0.4	0.0	0.4	0.4	0.4	0.0	0.4	0.4									198	0	260	260	69	0	350	350	12.2	0.0	12.2	12.2	-3.5	0.0	-3.4	-3.6					98.7	0.1	99.0	98.2
02/25/2009 05:30:00	0.4	0.0	0.4	0.4	1.0	0.0	1.0	1.0	0.4	0.0	0.4	0.4	0.4	0.0	0.4	0.4									198	0	260	260	69	0	350	350	12.2	0.0	12.2	12.2	-3.5	0.0	-3.4	-3.6					98.7	0.1	99.0	98.2
02/25/2009 05:40:00	0.4	0.0	0.4	0.4	1.0	0.0	1.0	1.0	0.4	0.0	0.4	0.4	0.4	0.0	0.4	0.4									198	0	260	260	69	0	350	350	12.2	0.0	12.2	12.2	-3.5	0.0	-3.4	-3.6					98.7	0.1	99.0	98.2
02/25/2009 05:50:00	0.4	0.0	0.4	0.4	1.0	0.0	1.0	1.0	0.4	0.0	0.4	0.4	0.4	0.0	0.4	0.4									198	0	260	260	69	0	350	350	12.2	0.0	12.2	12.2	-3.6	0.0	-3.4	-3.8					98.6	0.1	99.0	98.2
02/25/2009 06:00:00	0.4	0.0	0.4	0.4	1.0	0.0	1.0	1.0	0.4	0.0	0.4	0.4	0.4	0.0	0.4	0.4									198	0	260	260	69	0	350	350	12.2	0.0	12.2	12.2	-3.7	0.0	-3.6	-3.8					98.6	0.0	98.7	98.2
02/25/2009 06:10:00	0.4	0.0	0.4	0.4	1.0	0.0	1.0	1.0	0.4	0.0	0.4	0.4	0.4	0.0	0.4	0.4									198	0	260	260	69	0	350	350	12.2	0.0	12.2	12.2	-3.7	0.0	-3.6	-3.8					98.5	0.1	98.7	97.9
02/25/2009 06:20:00	0.4	0.0	0.4	0.4	1.0	0.0	1.0	1.0	0.4	0.0	0.4	0.4	0.4	0.0	0.4	0.4									198	0	260	260	69	0	350	350	12.2	0.0	12.2	12.2	-3.7	0.0	-3.6	-3.8					98.5	0.0	98.7	98.2
02/25/2009 06:30:00	0.4	0.0	0.4	0.4	1.0	0.0	1.0	1.0	0.4	0.0	0.4	0.4	0.4	0.0	0.4	0.4									198	0	260	260	69	0	350	350	12.2	0.0	12.2	12.2	-3.7	0.0	-3.6	-3.8					98.5	0.0	98.7	97.9
02/25/2009 06:40:00	0.4	0.0	0.4	0.4	1.0	0.0	1.0	1.0	0.4	0.0	0.4	0.4	0.4	0.0	0.4	0.4									198	0	260	260	69	0	350	350	12.2	0.0	12.2	12.2	-3.7	0.0	-3.6	-3.8					98.5	0.0	98.7	97.9
02/25/2009 06:50:00	0.4	0.0	0.4	0.4	1.0	0.0	1.0	1.0	0.4	0.0	0.4	0.4	0.4	0.0	0.4	0.4									198	0	260	260	69	0	350	350	12.2	0.0	12.2	12.2	-3.6	0.0	-3.4	-3.8					98.5	0.0	98.7	97.9
02/25/2009 07:00:00	0.4	0.0	0.4	0.4	1.0	0.0	1.0	1.0	0.4	0.0	0.4	0.4	0.4	0.0	0.4	0.4									198	0	260	260	69	0	350	350	12.2	0.0	12.2	12.2	-3.6	0.0	-3.4	-3.8					98.5	0.1	98.7	98.2
02/25/2009 07:10:00	0.4	0.0	0.4	0.4	1.0	0.0	1.0	1.0	0.4	0.0	0.4	0.4	0.4	0.0	0.4	0.4									198	0	260	260	69	0	350	350	12.2	0.0	12.2	12.2	-3.6	0.0	-3.4	-3.8					98.5	0.0	98.7	98.2
02/25/2009 07:20:00	0.4	0.0	0.4	0.4	1.0	0.0	1.0	1.0	0.4	0.0	0.4	0.4	0.4	0.0	0.4	0.4									198	0	260	260	69	0	350	350	12.2	0.0	12.2	12.2	-3.6	0.0	-3.4	-3.8					98.5	0.0	98.7	97.9
02/25/2009 07:30:00	0.4	0.0	0.4	0.4	1.0	0.0	1.0	1.0	0.4	0.0	0.4	0.4	0.4	0.0	0.4	0.4									198	0	260	260	69	0	350	350	12.2	0.0	12.2	12.2	-3.8	0.0	-3.6	-3.8					98.4	0.0	98.7	97.9
02/25/2009 07:40:00	0.4	0.0	0.4	0.4	1.0	0.0	1.0	1.0	0.4	0.0	0.4	0.4	0.4	0.0	0.4	0.4									198	0	260	260	69	0	350	350	12.2	0.0	12.2	12.2	-4.0	0.0	-3.8	-4.0					98.2	0.0	98.5	97.7
02/25/2009 07:50:00	0.4	0.0	0.4	0.4	1.0	0.0	1.0	1.0	0.4	0.0	0.4	0.4	0.4	0.0	0.4	0.4									198	0	260	260	69	0	350	350	12.2	0.0	12.2	12.2	-4.1	0.0	-4.0	-4.2					98.1	0.0	98.2	97.7
02/25/2009 08:00:00	0.4	0.0	0.4	0.4	1.0	0.0	1.0	1.0	0.4	0.0	0.4	0.4	0.4	0.0	0.4	0.4									198	0	260	260	69	0	350	350	12.2	0.0	12.2	12.2	-4.2	0.0	-4.0	-4.2					98.0	0.0	98.2	97.4
02/25/2009 08:10:00	0.4	0.0	0.4	0.4	1.0	0.0	1.0	1.0	0.4	0.0	0.4	0.4	0.4	0.0	0.4	0.4									198	0	260	260	69	0	350	350	12.2	0.0	12.2	12.2	-4.1	0.0	-4.0	-4.2					97.9	0.0	98.2	97.4
02/25/2009 08:20:00	0.4	0.0	0.4	0.4	1.0	0.0	1.0	1.0	0.4	0.0	0.4	0.4	0.4	0.0	0.4	0.4									198	0	260	260	69	0	350	350	12.2	0.0	12.2	12.2	-4.1	0.0	-4.0	-4.2					97.9	0.0	98.2	97.4
02/25/2009 08:30:00	0.4	0.0	0.4	0.4	1.0	0.0	1.0	1.0	0.4	0.0	0.4	0.4	0.4	0.0	0.4	0.4									198	0	260	260	69	0	350	350	12.2	0.0	12.2	12.2	-4.1	0.0	-4.0	-4.2					97.9	0.0	98.2	97.4
02/25/2009 08:40:00	0.4	0.0	0.4	0.4	1.0	0.0	1.0	1.0	0.4	0.0	0.4	0.4	0.4	0.0	0.4	0.4									198	0	260	260	69	0	350	350	12.2	0.0	12.2	12.2	-4.2	0.0	-4.0	-4.5					97.8	0.0	98.2	97.4
02/25/2009 08:50:00	0.4	0.0	0.4	0.4	1.0	0.0	1.0	1.0	0.4	0.0	0.4	0.4	0.4	0.0	0.4	0.4									198	0	260	260	69	0	350	350	12.2	0.0	12.2	12.2	-4.4	0.0	-4.0	-4.5					97.7	0.0	97.9	97.1
02/25/2009 09:00:00	0.4	0.0	0.4	0.4	1.0	0.0	1.0	1.0	0.4	0.0	0.4	0.4	0.4	0.0	0.4	0.4									198	0	260	260	69	0	350	350	12.2	0.0	12.2	12.2	-4.4	0.0	-4.5	-4.5					97.6	0.0	97.9	97.1
02/25/2009 09:10:00	0.4	0.0	0.4	0.4	1.0	0.0	1.0	1.0	0.4	0.0	0.4	0.4	0.4	0.0	0.4	0.4									198	0	260	260	69	0	350	350	12.2	0.0	12.2	12.2	-4.5	0.0	-4.5	-4.7					97.5	0.0	97.9	97.1
02/25/2009 09:20:00	0.4	0.0	0.4	0.4	1.0	0.0	1.0	1.0	0.4	0.0	0.4	0.4	0.4	0.0	0.4	0.4									198	0	260	260	69	0	350	350	12.2	0.0	12.2	12.2	-4.5	0.0	-4.5	-4.7					97.5	0.0	97.7	97.1
02/25/2009 09:30:00	0.4	0.0	0.4	0.4	1.0	0.0	1.0	1.0	0.4	0.0	0.4	0.4	0.4	0.0	0.4	0.4									198	0	260	260	69	0	350	350	12.2	0.0	12.2	12.2	-4.4	0.0	-4.2	-4.5					97.5	0.0	97.9	97.1
02/25/2009 09:40:00	0.4	0.0	0.4	0.4	1.0	0.0	1.0	1.0	0.4	0.0	0.4	0.4	0.4	0.0	0.4	0.4									198	0	260	260	69	0	350	350	12.2	0.0	12.2	12.2	-4.2	0.0	-4.0	-4.5					97.6	0.0	97.9	97.1
02/25/2009 09:50:00	0.4	0.0	0.4	0.4	1.0	0.0	1.0	1.0	0.4	0.0	0.4	0.4	0.4	0.0	0.4	0.4									198	0	260	260	69	0	350	350	12.2	0.0	12.2	12.2	-4.1	0.0	-4.0	-4.2					97.7	0.0	97.9	97.4
02/25/2009 10:00:00	0.4	0.0	0.4	0.4	1.0	0.0	1.0	1.0	0.4	0.0	0.4	0.4	0.4	0.0	0.4	0.4									198	0	260	260	69	0	350	350	12.2	0.0	12.2	12.2	-4.1	0.0	-4.0	-4.2					97.8	0.0	97.9	97.4
02/25/2009 10:10:00	0.4	0.0	0.4	0.4	1.0	0.0	1.0	1.0	0.4	0.0	0.4	0.4	0.4	0.0	0.4	0.4									198	0	260	260	69	0	350	350	12.2	0.0	12.2	12.2	-4.1	0.0	-3.8	-4.0					97.8	0.0	98.2	97.4
02/25/2009 10:20:00	0.4	0.0	0.4	0.4	1.0	0.0	1.0	1.0	0.4	0.0	0.4	0.4	0.4	0.0	0.4	0.4									198	0	260	260	69	0	350	350	12.2	0.0	12.2	12.2	-4.0	0.0	-3.8	-4.0					97.9	0.0	98.2	97.4
02/25/2009 10:30:00	0.4	0.0	0.4	0.4	1.0	0.0	1.0	1.0	0.4	0.0	0.4	0.4	0.4	0.0	0.4	0.4									198	0	260	260	69	0	350	350	12.2	0.0	12.2	12.2	-3.9	0.0	-3.8	-4.0					98.1	0.0	98.2	97.4
02/25/2009 10:40:00	0.4	0.0	0.4	0.4	1.0	0.0	1.0	1.0	0.4	0.0	0.4	0.4	0.4	0.0	0.4	0.4									198	0	260	260	69	0	350	350	12.2	0.0	12.2	12.2	-3.7	0.0	-3.6	-3.8					98.2	0.0	98.5	97.7
02/25/2009 10:50:00	0.4	0.0	0.4	0.4	1.0	0.0	1.0	1.0	0.4	0.0	0.4	0.4	0.4	0.0	0.4	0.4									198	0	260	260	69	0	350	350	12.2	0.0	12.2	12.2	-3.5	0.1	-3.1	-3.8					98.4	0.0	98.7	97.9
02/25/2009 11:00:00	0.4	0.0	0.4	0.4	1.0	0.0	1.0	1.0	0.4	0.0	0.4	0.4	0.4	0.0	0.4	0.4									198	0	260	260	69	0	350	350	12.2	0.0	12.2	12.2	-3.1	0.0	-2.9	-3.4					98.6	0.1	99.0	98.2
02/25/2009 11:10:00	0.4	0.0	0.4	0.4	1.0	0.0	1.0	1.0	0.4	0.0	0.4	0.4	0.4	0.0	0.4	0.4									199	0	260	260	69	0	350	350	12.2	0.0	12.2	12.2	-2.8	0.0	-2.4	-3.1					98.9	0.0	99.3	98.2
02/25/2009 11:20:00	0.4	0.0	0.4	0.4	1.0	0.0	1.0	1.0	0.4	0.0	0.4	0.4	0.4	0.0	0.4	0.4									199	0	260	260	69	0	350	350	12.2	0.0	12.2	12.2	-2.5	0.0	-2.2	-2.7					99.2	0.1	99.5	98.7
02/25/2009 11:30:00	0.4	0.0	0.4	0.4	1.0	0.0	1.0	1.0	0.4	0.0	0.4	0.4	0.4	0.0	0.4	0.4									199	0	260	260	69	0	350	350	12.2	0.0	12.2	12.2	-2.2	0.0	-2.0	-2.4					99.5	0.1	99.8	99.0
02/25/2009 11:40:00	0.4	0.0	0.4	0.4	1.0	0.0	1.0	1.0	0.4	0.0	0.4	0.4	0.4	0.0	0.4	0.4									199	0	260	260	69	0	350	350	12.2	0.0	12.2	12.2	-2.1	0.0	-2.0	-2.2					99.7	0.0	100.1	99.3
02/25/2009 11:50:00	0.4	0.0	0.4	0.4	1.0	0.0	1.0	1.0	0.4	0.0	0.4	0.4	0.4	0.0	0.4	0.4									199	0	260	260	69	0	350	350	12.2	0.0	12.2	12.2	-2.0	0.0	-1.8	-2.0					99.9	0.1	100.4	99.5
02/25/2009 12:00:00	0.4	0.0	0.4	0.4	1.0	0.0	1.0	1.0	0.4	0.0	0.4	0.4	0.4	0.0	0.4	0.4									200	0	260	260	69	0	350	350	12.2	0.0	12.2	12.2	-1.9	0.0	-1.8	-2.0					100.1	0.1	100.4	99.5
02/25/2009 12:10:00	0.4	0.0	0.4	0.4	1.0	0.0	1.0	1.0	0.4	0.0	0.4	0.4	0.4	0.0	0.4	0.4									200	0	260	260	69	0	350	350	12.2	0.0	12.2	12.2	-1.9	0.0	-1.8	-2.0					100.1	0.0	100.4	99.8
02/25/2009 12:20:00	0.4	0.0	0.4	0.4	1.0	0.0	1.0	1.0	0.4	0.0	0.4	0.4	0.4	0.0	0.4	0.4									200	0	260	260	69	0	350	350	12.2	0.0	12.2	12.2	-1.9	0.0	-1.8	-2.0					100.2	0.0	100.4	99.8
02/25/2009 12:30:00	0.4	0.0	0.4	0.4	1.0	0.0	1.0	1.0	0.4	0.0	0.4	0.4	0.4	0.0	0.4	0.4									200	0	260	260	69	0	350	350	12.2	0.0	12.2	12.2	-1.9	0.0	-1.8	-2.0					100.2	0.0	100.4	100.1
02/25/2009 12:40:00	0.4	0.0	0.4	0.4	1.0	0.0	1.0	1.0	0.4	0.0	0.4	0.4	0.4	0.0	0.4	0.4									200	0	260	260	69	0	350	350	12.2	0.0	12.2	12.2	-1.9	0.0	-1.8	-2.0					100.2	0.0	100.4	100.1
02/25/2009 12:50:00	0.4	0.0	0.4	0.4	1.0	0.0	1.0	1.0	0.4	0.0	0.4	0.4	0.4	0.0	0.4	0.4									200	0	260	260	69	0	350	350	12.2	0.0	12.2	12.2	-1.8	0.0	-1.8	-2.0					100.2	0.0	100.4	100.1
02/25/2009 13:00:00	0.4	0.0	0.4	0.4	1.0	0.0	1.0	1.0	0.4	0.0	0.4	0.4	0.4	0.0	0.4	0.4									200	0	260	260	69	0	350	350	12.2	0.0	12.2	12.2	-1.7	0.0	-1.5	-1.8					100.2	0.0	100.4	100.4
02/25/2009 13:10:00	0.4	0.0	0.4	0.4	1.0	0.0	1.0	1.0	0.4	0.0	0.4	0.4	0.4	0.0	0.4	0.4									200	0	260	260	69	0	350	350	12.2	0.0	12.2	12.2	-1.6	0.0	-1.3	-1.8					100.2	0.0	100.4	100.4
02/25/2009 13:20:00	0.4	0.0	0.4	0.4	1.0	0.0	1.0	1.0	0.4	0.0	0.4	0.4	0.4	0.0	0.4	0.4									200	0	260	260	69	0	350	350	12.2	0.0	12.2	12.2	-1.6	0.0	-1.3	-1.8					100.2	0.0	100.4	100.4
02/25/2009 13:30:00	0.4	0.0	0.4	0.4	1.0	0.0	1.0	1.0	0.4	0.0	0.4	0.4	0.4	0.0	0.4	0.4									200	0	260	260	69	0	350	350	12.2	0.0	12.2	12.2	-1.4	0.0	-1.1	-1.5					100.2	0.0	100.4	100.4
02/25/2009 13:40:00	0.4	0.0	0.4	0.4	1.0	0.0	1.0	1.0	0.4	0.0	0.4	0.4	0.4	0.0	0.4	0.4									200	0	260	260	69	0	350	350	12.2	0.0	12.2	12.2	-1.2	0.0	-1.1	-1.3					100.2	0.0	100.4	100.4
02/25/2009 13:50:00	0.4	0.0	0.4	0.4	1.0	0.0	1.0	1.0	0.4	0.0	0.4	0.4	0.4	0.0	0.4	0.4									200	0	260	260	69	0	350	350	12.2	0.0	12.2	12.2	-1.1	0.0	-1.1	-1.3					100.2	0.0	100.4	100.4
02/25/2009 14:00:00	0.4	0.0	0.4	0.4	1.0	0.0	1.0	1.0	0.4	0.0	0.4	0.4	0.4	0.0	0.4	0.4									200	0	260	260	69	0	350	350	12.2	0.0	12.2	12.2	-1.1	0.0	-1.1	-1.1					100.2	0.0	100.4	100.4
02/25/2009 14:10:00	0.4	0.0	0.4	0.4	1.0	0.0	1.0	1.0	0.4	0.0	0.4	0.4	0.4	0.0	0.4	0.4									200	0	260	260	69	0	350	350	12.2	0.0	12.2	12.2	-1.1	0.0	-0.8	-1.1					100.2	0.0	100.4	100.4
02/25/2009 14:20:00	0.4	0.0	0.4	0.4	1.0	0.0	1.0	1.0	0.4	0.0	0.4	0.4	0.4	0.0	0.4	0.4									200	0	260	260	69	0	350	350	12.2	0.0	12.2	12.2	-1.0	0.0	-0.8	-1.1					100.2	0.0	100.4	100.4
02/25/2009 14:30:00	0.4	0.0	0.4	0.4	1.0	0.0	1.0	1.0	0.4	0.0	0.4	0.4	0.4	0.0	0.4	0.4									200	0	260	260	69	0	350	350	12.2	0.0	12.2	12.2	-1.0	0.0	-0.8	-1.1					100.2	0.0	100.4	100.4
02/25/2009 14:40:00	0.4	0.0	0.4	0.4	1.0	0.0	1.0	1.0	0.4	0.0	0.4	0.4	0.4	0.0	0.4	0.4									200	0	260	260	69	0	350	350	12.2	0.0	12.2	12.2	-0.9	0.0	-0.6	-1.1					100.2	0.0	100.4	100.4
02/25/2009 14:50:00	0.4	0.0	0.4	0.4	1.0	0.0	1.0	1.0	0.4	0.0	0.4	0.4	0.4	0.0	0.4	0.4									200	0	260	260	69	0	350	350	12.2	0.0	12.2	12.2	-0.8	0.0	-0.6	-1.1					100.2	0.0	100.4	100.4
02/25/2009 15:00:00	0.4	0.0	0.4	0.4	1.0	0.0	1.0	1.0	0.4	0.0	0.4	0.4	0.4	0.0	0.4	0.4									200	0	260	260	69	0	350	350	12.2	0.0	12.2	12.2	-0.8	0.0	-0.6	-0.8					100.2	0.0	100.4	100.4
02/25/2009 15:10:00	0.4	0.0	0.4	0.4	1.0	0.0	1.0	1.0	0.4	0.0	0.4	0.4	0.4	0.0	0.4	0.4									200	0	260	260	69	0	350	350	12.2	0.0	12.2	12.1	-0.7	0.0	-0.6	-0.8					100.2	0.0	100.4	100.4
02/25/2009 15:20:00	0.4	0.0	0.4	0.4	1.0	0.0	1.0	1.0	0.4	0.0	0.4	0.4	0.4	0.0	0.4	0.4									200	0	260	260	69	0	350	350	12.2	0.0	12.2	12.2	-0.8	0.0	-0.6	-0.8					100.2	0.0	100.4	100.4
02/25/2009 15:30:00	0.4	0.0	0.4	0.4	1.0	0.0	1.0	1.0	0.4	0.0	0.4	0.4	0.4	0.0	0.4	0.4									200	0	260	260	69	0	350	350	12.2	0.0	12.2	12.2	-1.0	0.0	-0.6	-1.1					100.2	0.0	100.4	100.4
02/25/2009 15:40:00	0.4	0.0	0.4	0.4	1.0	0.0	1.0	1.0	0.4	0.0	0.4	0.4	0.4	0.0	0.4	0.4									200	0	260	260	69	0	350	350	12.2	0.0	12.2	12.2	-1.1	0.0	-1.1	-1.1					100.2	0.0	100.4	100.4
02/25/2009 15:50:00	0.4	0.0	0.4	0.4	1.0	0.0	1.0	1.0	0.4	0.0	0.4	0.4	0.4	0.0	0.4	0.4									200	0	260	260	69	0	350	350	12.2	0.0	12.2	12.2	-1.1	0.0	-1.1	-1.1					100.2	0.0	100.4	100.4
02/25/2009 16:00:00	0.4	0.0	0.4	0.4	1.0	0.0	1.0	1.0	0.4	0.0	0.4	0.4	0.4	0.0	0.4	0.4									200	0	260	260	69	0	350	350	12.2	0.0	12.2	12.2	-1.1	0.0	-1.1	-1.1					100.2	0.0	100.4	100.4
02/25/2009 16:10:00	0.4	0.0	0.4	0.4	1.0	0.0	1.0	1.0	0.4	0.0	0.4	0.4	0.4	0.0	0.4	0.4									200	0	260	260	69	0	350	350	12.2	0.0	12.2	12.2	-1.1	0.0	-1.1	-1.3					100.2	0.0	100.4	100.4
02/25/2009 16:20:00	0.4	0.0	0.4	0.4	1.0	0.0	1.0	1.0	0.4	0.0	0.4	0.4	0.4	0.0	0.4	0.4									200	0	260	260	69	0	350	350	12.2	0.0	12.2	12.2	-1.2	0.0	-1.1	-1.3					100.2	0.0	100.4	100.4
02/25/2009 16:30:00	0.4	0.0	0.4	0.4	1.0	0.0	1.0	1.0	0.4	0.0	0.4	0.4	0.4	0.0	0.4	0.4									200	0	260	260	69	0	350	350	12.2	0.0	12.2	12.2	-1.3	0.0	-1.1	-1.3					100.2	0.0	100.4	100.4
02/25/2009 16:40:00	0.4	0.0	0.4	0.4	1.0	0.0	1.0	1.0	0.4	0.0	0.4	0.4	0.4	0.0	0.4	0.4									200	0	260	260	69	0	350	350	12.2	0.0	12.2	12.2	-1.4	0.0	-1.3	-1.5					100.2	0.0	100.4	100.4
02/25/2009 16:50:00	0.4	0.0	0.4	0.4	1.0	0.0	1.0	1.0	0.4	0.0	0.4	0.4	0.4	0.0	0.4	0.4									200	0	260	260	69	0	350	350	12.2	0.0	12.2	12.2	-1.4	0.0	-1.3	-1.5					100.2	0.0	100.4	100.4
02/25/2009 17:00:00	0.4	0.0	0.4	0.4	1.0	0.0	1.0	1.0	0.4	0.0	0.4	0.4	0.4	0.0	0.4	0.4									200	0	260	260	69	0	350	350	12.2	0.0	12.2	12.2	-1.5	0.0	-1.3	-1.5					100.2	0.0	100.4	100.4
02/25/2009 17:10:00	0.4	0.0	0.4	0.4	1.0	0.0	1.0	1.0	0.4	0.0	0.4	0.4	0.4	0.0	0.4	0.4									200	0	260	260	69	0	350	350	12.2	0.0	12.2	12.2	-1.4	0.0	-1.3	-1.5					100.2	0.0	100.4	100.4
02/25/2009 17:20:00	0.4	0.0	0.4	0.4	1.0	0.0	1.0	1.0	0.4	0.0	0.4	0.4	0.4	0.0	0.4	0.4									200	0	260	260	69	0	350	350	12.2	0.0	12.2	12.2	-1.4	0.0	-1.3	-1.5					100.2	0.0	100.4	100.4
02/25/2009 17:30:00	0.4	0.0	0.4	0.4	1.0	0.0	1.0	1.0	0.4	0.0	0.4	0.4	0.4	0.0	0.4	0.4									200	0	260	260	69	0	350	350	12.2	0.0	12.2	12.2	-1.4	0.0	-1.1	-1.3					100.2	0.0	100.4	100.4
02/25/2009 17:40:00	0.4	0.0	0.4	0.4	1.0	0.0	1.0	1.0	0.4	0.0	0.4	0.4	0.4	0.0	0.4	0.4									200	0	260	260	69	0	350	350	12.2	0.0	12.2	12.1	-1.3	0.0	-1.1	-1.3					100.2	0.0	100.4	100.4
02/25/2009 17:50:00	0.4	0.0	0.4	0.4	1.0	0.0	1.0	1.0	0.4	0.0	0.4	0.4	0.4	0.0	0.4	0.4									200	0	260	260	69	0	350	350	12.2	0.0	12.2	12.2	-1.3	0.0	-1.1	-1.3					100.2	0.0	100.4	100.4
02/25/2009 18:00:00	0.4	0.0	0.4	0.4	1.0	0.0	1.0	1.0	0.4	0.0	0.4	0.4	0.4	0.0	0.4	0.4									200	0	260	260	69	0	350	350	12.2	0.0	12.2	12.1	-1.2	0.0	-1.1	-1.3					100.2	0.0	100.4	100.4
02/25/2009 18:10:00	0.4	0.0	0.4	0.4	1.0	0.0	1.0	1.0	0.4	0.0	0.4	0.4	0.4	0.0	0.4	0.4									200	0	260	260	69	0	350	350	12.2	0.0	12.2	12.1	-1.2	0.0	-1.1	-1.3					100.2	0.0	100.4	100.4
02/25/2009 18:20:00	0.4	0.0	0.4	0.4	1.0	0.0	1.0	1.0	0.4	0.0	0.4	0.4	0.4	0.0	0.4	0.4									200	0	260	260	69	0	350	350	12.2	0.0	12.2	12.1	-1.3	0.0	-1.1	-1.3					100.2	0.0	100.4	100.4
02/25/2009 18:30:00	0.4	0.0	0.4	0.4	1.0	0.0	1.0	1.0	0.4	0.0	0.4	0.4	0.4	0.0	0.4	0.4									200	0	260	260	69	0	350	350	12.2	0.0	12.2	12.1	-1.4	0.0	-1.1	-1.3					100.2	0.0	100.4	100.4
02/25/2009 18:40:00	0.4	0.0	0.4	0.4	1.0	0.0	1.0	1.0	0.4	0.0	0.4	0.4	0.4	0.0	0.4	0.4									200	0	260	260	69	0	350	350	12.2	0.0	12.2	12.1	-1.4	0.0	-1.3	-1.5					100.2	0.0	100.4	100.4
02/25/2009 18:50:00	0.4	0.0	0.4	0.4	1.0	0.0	1.0	1.0	0.4	0.0	0.4	0.4	0.4	0.0	0.4	0.4									200	0	260	260	69	0	350	350	12.2	0.0	12.2	12.1	-1.5	0.0	-1.3	-1.5					100.2	0.0	100.4	100.4
02/25/2009 19:00:00	0.4	0.0	0.4	0.4	1.0	0.0	1.0	1.0	0.4	0.0	0.4	0.4	0.4	0.0	0.4	0.4									200	0	260	260	69	0	350	350	12.2	0.0	12.2	12.1	-1.6	0.0	-1.3	-1.8					100.2	0.0	100.4	100.4
02/25/2009 19:10:00	0.4	0.0	0.4	0.4	1.0	0.0	1.0	1.0	0.4	0.0	0.4	0.4	0.4	0.0	0.4	0.4									200	0	260	260	69	0	350	350	12.2	0.0	12.2	12.1	-1.7	0.0	-1.5	-1.8					100.2	0.0	100.4	100.4
02/25/2009 19:20:00	0.4	0.0	0.4	0.4	1.0	0.0	1.0	1.0	0.4	0.0	0.4	0.4	0.4	0.0	0.4	0.4									200	0	260	260	69	0	350	350	12.2	0.0	12.2	12.1	-1.8	0.0	-1.8	-2.0					100.2	0.0	100.4	100.4
02/25/2009 19:30:00	0.4	0.0	0.4	0.4	1.0	0.0	1.0	1.0	0.4	0.0	0.4	0.4	0.4	0.0	0.4	0.4									200	0	260	260	69	0	350	350	12.2	0.0	12.2	12.1	-1.8	0.0	-1.8	-2.0					100.2	0.0	100.4	100.4
02/25/2009 19:40:00	0.4	0.0	0.4	0.4	1.0	0.0	1.0	1.0	0.4	0.0	0.4	0.4	0.4	0.0	0.4	0.4									199	0	260	260	69	0	350	350	12.2	0.0	12.2	12.1	-1.9	0.0	-1.8	-2.0					100.2	0.0	100.4	100.4
02/25/2009 19:50:00	0.4	0.0	0.4	0.4	1.0	0.0	1.0	1.0	0.4	0.0	0.4	0.4	0.4	0.0	0.4	0.4									199	0	260	260	69	0	350	350	12.2	0.0	12.2	12.1	-2.0	0.0	-2.0	-2.2					100.2	0.0	100.4	100.4
02/25/2009 20:00:00	0.4	0.0	0.4	0.4	1.0	0.0	1.0	1.0	0.4	0.0	0.4	0.4	0.4	0.0	0.4	0.4									199	0	260	260	69	0	350	350	12.2	0.0	12.2	12.1	-2.2	0.0	-2.0	-2.2					100.2	0.0	100.4	100.4
02/25/2009 20:10:00	0.4	0.0	0.4	0.4	1.0	0.0	1.0	1.0	0.4	0.0	0.4	0.4	0.4	0.0	0.4	0.4									198	0	260	260	69	0	350	350	12.2	0.0	12.2	12.1	-2.2	0.0	-2.0	-2.4					100.2	0.0	100.4	100.4
02/25/2009 20:20:00	0.4	0.0	0.4	0.4	1.0	0.0	1.0	1.0	0.4	0.0	0.4	0.4	0.4	0.0	0.4	0.4									198	0	260	260	69	0	350	350	12.2	0.0	12.2	12.1	-2.3	0.0	-2.2	-2.4					100.2	0.0	100.4	100.4
02/25/2009 20:30:00	0.4	0.0	0.4	0.4	1.0	0.0	1.0	1.0	0.4	0.0	0.4	0.4	0.4	0.0	0.4	0.4									198	0	260	260	69	0	350	350	12.2	0.0	12.2	12.1	-2.6	0.0	-2.4	-2.7					100.2	0.0	100.4	100.1
02/25/2009 20:40:00	0.4	0.0	0.4	0.4	1.0	0.0	1.0	1.0	0.4	0.0	0.4	0.4	0.4	0.0	0.4	0.4									198	0	260	260	69	0	350	350	12.2	0.0	12.2	12.1	-2.8	0.0	-2.7	-2.7					100.2	0.0	100.4	99.8
02/25/2009 20:50:00	0.4	0.0	0.4	0.4	1.0	0.0	1.0	1.0	0.4	0.0	0.4	0.4	0.4	0.0	0.4	0.4									198	0	260	260	69	0	350	350	12.2	0.0	12.2	12.1	-2.8	0.0	-2.7	-2.7					100.1	0.0	100.4	99.8
02/25/2009 21:00:00	0.4	0.0	0.4	0.4	1.0	0.0	1.0	1.0	0.4	0.0	0.4	0.4	0.4	0.0	0.4	0.4									198	0	260	260	69	0	350	350	12.2	0.0	12.2	12.1	-2.8	0.0	-2.7	-2.9					100.1	0.0	100.4	99.5
02/25/2009 21:10:00	0.4	0.0	0.4	0.4	1.0	0.0	1.0	1.0	0.4	0.0	0.4	0.4	0.4	0.0	0.4	0.4									197	1	260	260	69	0	350	350	12.2	0.0	12.2	12.1	-2.8	0.0	-2.7	-2.7					100.1	0.1	100.4	99.5
02/25/2009 21:20:00	0.4	0.0	0.4	0.4	1.0	0.0	1.0	1.0	0.4	0.0	0.4	0.4	0.4	0.0	0.4	0.4									202	5	260	260	69	0	350	350	12.2	0.0	12.2	12.1	-3.0	0.1	-2.7	-3.4					99.9	0.0	100.4	99.3
02/25/2009 21:30:00	0.4	0.0	0.4	0.4	1.0	0.0	1.0	1.0	0.4	0.0	0.4	0.4	0.4	0.0	0.4	0.4									205	2	260	260	69	0	350	350	12.2	0.0	12.2	12.1	-3.3	0.0	-3.1	-3.4					99.7	0.0	100.1	99.0
02/25/2009 21:40:00	0.4	0.0	0.4	0.4	1.0	0.0	1.0	1.0	0.4	0.0	0.4	0.4	0.4	0.0	0.4	0.4									204	3	260	260	69	0	350	350	12.2	0.0	12.2	12.1	-3.6	0.1	-3.4	-3.8					99.4	0.1	99.8	98.7
02/25/2009 21:50:00	0.4	0.0	0.4	0.4	1.0	0.0	1.0	1.0	0.4	0.0	0.4	0.4	0.4	0.0	0.4	0.4									205	3	260	260	69	0	350	350	12.2	0.0	12.2	12.1	-3.9	0.0	-3.8	-3.8					99.1	0.0	99.5	98.7
02/25/2009 22:00:00	0.4	0.0	0.4	0.4	1.0	0.0	1.0	1.0	0.4	0.0	0.4	0.4	0.4	0.0	0.4	0.4									205	3	260	260	69	0	350	350	12.2	0.0	12.2	12.1	-3.9	0.0	-3.8	-3.8					98.9	0.0	99.3	98.5
02/25/2009 22:10:00	0.4	0.0	0.4	0.4	1.0	0.0	1.0	1.0	0.4	0.0	0.4	0.4	0.4	0.0	0.4	0.4									205	3	260	260	69	0	350	350	12.2	0.0	12.2	12.1	-3.9	0.0	-3.8	-4.0					98.7	0.1	99.0	98.2
02/25/2009 22:20:00	0.4	0.0	0.4	0.4	1.0	0.0	1.0	1.0	8.4	5.4	14.1	0.4	0.4	0.0	0.4	0.4									202	3	260	260	69	0	350	350	12.2	0.0	12.2	12.1	-4.7	0.3	-4.0	-5.6					98.2	0.2	98.7	97.4
02/25/2009 22:30:00	0.4	0.0	0.4	0.4	1.0	0.0	1.0	1.0	12.7	0.6	14.1	10.7	0.4	0.0	0.4	0.4									201	2	260	260	69	0	350	350	12.2	0.0	12.2	12.1	-6.0	0.3	-5.4	-6.7					97.2	0.3	97.9	96.4
02/25/2009 22:40:00	0.4	0.0	0.4	0.4	1.0	0.0	1.0	1.0	12.0	0.7	13.7	9.9	0.4	0.0	0.4	0.4									202	3	260	260	69	0	350	350	12.2	0.0	12.2	12.1	-6.9	0.2	-6.7	-7.1					96.2	0.2	96.6	95.6
02/25/2009 22:50:00	0.4	0.0	0.4	0.4	1.0	0.0	1.0	1.0	12.0	0.7	13.3	9.9	0.4	0.0	0.4	0.4									199	3	260	260	69	0	350	350	12.2	0.0	12.2	12.1	-7.8	0.4	-7.1	-8.4					95.1	0.4	95.8	94.3
02/25/2009 23:00:00	0.4	0.0	0.4	0.4	1.0	0.0	1.0	1.0	12.7	0.6	14.1	11.1	0.4	0.0	0.4	0.4									199	2	260	260	69	0	350	350	12.2	0.0	12.2	12.1	-8.8	0.2	-8.4	-9.2					93.8	0.3	94.5	93.0
02/25/2009 23:10:00	0.4	0.0	0.4	0.4	1.0	0.0	1.0	1.0	12.6	1.0	14.1	9.9	0.4	0.0	0.4	0.4									200	2	260	260	69	0	350	350	12.2	0.0	12.2	12.1	-9.5	0.1	-9.2	-9.6					92.8	0.2	93.3	92.0
02/25/2009 23:20:00	0.4	0.0	0.4	0.4	1.0	0.0	1.0	1.0	12.7	0.6	14.1	11.1	0.4	0.0	0.4	0.4									198	2	260	260	69	0	350	350	12.2	0.0	12.2	12.1	-10.0	0.2	-9.6	-10.4					91.9	0.3	92.5	91.3
02/25/2009 23:30:00	0.4	0.0	0.4	0.4	1.0	0.0	1.0	1.0	12.9	0.9	14.9	10.7	0.4	0.0	0.4	0.4									200	2	260	260	69	0	350	350	12.2	0.0	12.2	12.1	-10.6	0.1	-10.4	-10.9					91.1	0.2	91.5	90.5
02/25/2009 23:40:00	0.4	0.0	0.4	0.4	1.0	0.0	1.0	1.0	13.4	1.0	15.3	11.5	0.4	0.0	0.4	0.4									199	3	260	260	69	0	350	350	12.2	0.0	12.2	12.1	-10.8	0.0	-10.7	-11.1					90.7	0.0	90.8	90.1
02/25/2009 23:50:00	0.4	0.0	0.4	0.4	1.0	0.0	1.0	1.0	13.1	0.8	14.9	10.3	0.4	0.0	0.4	0.4									199	3	260	260	69	0	350	350	12.2	0.0	12.2	12.1	-11.1	0.0	-10.9	-11.3					90.3	0.0	90.5	89.8
