SDR	7.7.6

-----Logger Information-----
Model #	3090
Serial #	13240
Hardware Rev.	011-010-023

-----Site Information-----
Site #	0066
Site Desc	
Project Code	
Project Desc	
Site Location	
Site Elevation	177
Latitude	N 062° 02.252'
Longitude	W 163° 14.820'
Time offset (hrs)	-9

-----Sensor Information-----

Channel #	1
Type	1
Description	NRG #40 Anem. m/s
Details	
Serial Number	SN:
Height	39   m
Scale Factor	0.765
Offset	0.35
Units	m/s

Channel #	2
Type	1
Description	NRG IceFreeIII m/s
Details	
Serial Number	SN:
Height	29   m
Scale Factor	0.572
Offset	1
Units	m/s

Channel #	3
Type	1
Description	NRG #40 Anem. m/s
Details	
Serial Number	SN:
Height	30   m
Scale Factor	0.765
Offset	0.35
Units	m/s

Channel #	4
Type	1
Description	NRG #40 Anem. m/s
Details	
Serial Number	SN:
Height	21   m
Scale Factor	0.765
Offset	0.35
Units	m/s

Channel #	5
Type	0
Description	No SCM Installed
Details	
Serial Number	--------
Height	------
Scale Factor	0
Offset	0
Units	-----

Channel #	6
Type	0
Description	No SCM Installed
Details	
Serial Number	--------
Height	------
Scale Factor	0
Offset	0
Units	-----

Channel #	7
Type	3
Description	#200P Wind Vane
Details	
Serial Number	SN:
Height	39   m
Scale Factor	0.351
Offset	260
Units	deg

Channel #	8
Type	3
Description	#200P Wind Vane
Details	
Serial Number	SN:
Height	29   m
Scale Factor	0.351
Offset	350
Units	deg

Channel #	9
Type	4
Description	Custom
Details	
Serial Number	SN:
Height	m
Scale Factor	0.021
Offset	0
Units	volts

Channel #	10
Type	4
Description	NRG #110S Temp  C
Details	
Serial Number	SN:
Height	2    m
Scale Factor	0.136
Offset	-86.383
Units	C

Channel #	11
Type	0
Description	No SCM Installed
Details	
Serial Number	--------
Height	------
Scale Factor	0
Offset	0
Units	-----

Channel #	12
Type	4
Description	RH-5 Humidity %RH
Details	
Serial Number	.adg
Height	1    m
Scale Factor	0.098
Offset	0
Units	%RH

Date & Time Stamp	CH1Avg	CH1SD	CH1Max	CH1Min	CH2Avg	CH2SD	CH2Max	CH2Min	CH3Avg	CH3SD	CH3Max	CH3Min	CH4Avg	CH4SD	CH4Max	CH4Min	CH5Avg	CH5SD	CH5Max	CH5Min	CH6Avg	CH6SD	CH6Max	CH6Min	CH7Avg	CH7SD	CH7Max	CH7Min	CH8Avg	CH8SD	CH8Max	CH8Min	CH9Avg	CH9SD	CH9Max	CH9Min	CH10Avg	CH10SD	CH10Max	CH10Min	CH11Avg	CH11SD	CH11Max	CH11Min	CH12Avg	CH12SD	CH12Max	CH12Min
01/16/2009 00:00:00	0.4	0.0	0.4	0.4	1.0	0.0	1.0	1.0	0.4	0.0	0.4	0.4	0.4	0.0	0.4	0.4									75	0	260	260	184	0	350	350	12.9	0.0	12.9	12.9	-7.6	0.2	-7.3	-8.2					92.8	0.3	93.3	92.0
01/16/2009 00:10:00	0.4	0.0	0.4	0.4	1.0	0.0	1.0	1.0	0.4	0.0	0.4	0.4	0.4	0.0	0.4	0.4									75	0	260	260	184	0	350	350	12.9	0.0	12.9	12.9	-8.3	0.0	-7.9	-8.4					92.1	0.0	92.5	91.5
01/16/2009 00:20:00	0.4	0.0	0.4	0.4	1.0	0.0	1.0	1.0	0.4	0.0	0.4	0.4	0.4	0.0	0.4	0.4									75	0	260	260	184	0	350	350	12.9	0.0	12.9	12.9	-7.2	0.6	-5.8	-8.2					93.3	0.8	95.1	92.0
01/16/2009 00:30:00	0.4	0.0	0.4	0.4	1.0	0.0	1.0	1.0	0.4	0.0	0.4	0.4	0.4	0.0	0.4	0.4									75	0	260	260	184	0	350	350	12.9	0.0	12.9	12.9	-5.2	0.3	-4.9	-6.0					95.8	0.4	96.4	94.5
01/16/2009 00:40:00	0.4	0.0	0.4	0.4	1.0	0.0	1.0	1.0	0.4	0.0	0.4	0.4	0.4	0.0	0.4	0.4									75	0	260	260	184	0	350	350	12.9	0.0	12.9	12.9	-5.2	0.0	-4.9	-5.4					95.9	0.0	96.4	95.6
01/16/2009 00:50:00	0.4	0.0	0.4	0.4	1.0	0.0	1.0	1.0	0.4	0.0	0.4	0.4	0.4	0.0	0.4	0.4									75	0	260	260	184	0	350	350	12.9	0.0	12.9	12.9	-5.2	0.0	-4.9	-5.6					95.8	0.0	96.4	95.6
01/16/2009 01:00:00	0.4	0.0	0.4	0.4	1.0	0.0	1.0	1.0	0.4	0.0	0.4	0.4	0.4	0.0	0.4	0.4									75	0	260	260	184	0	350	350	12.9	0.0	12.9	12.9	-4.6	0.2	-4.2	-4.9					96.6	0.2	97.1	95.8
01/16/2009 01:10:00	0.4	0.0	0.4	0.4	1.0	0.0	1.0	1.0	0.4	0.0	0.4	0.4	0.4	0.0	0.4	0.4									75	0	260	260	184	0	350	350	12.9	0.0	12.9	12.9	-4.5	0.0	-4.5	-4.7					96.8	0.0	97.1	96.4
01/16/2009 01:20:00	0.4	0.0	0.4	0.4	1.0	0.0	1.0	1.0	0.4	0.0	0.4	0.4	0.4	0.0	0.4	0.4									75	0	260	260	184	0	350	350	12.9	0.0	12.9	12.9	-4.7	0.1	-4.5	-4.9					96.6	0.1	96.9	96.1
01/16/2009 01:30:00	0.4	0.0	0.4	0.4	1.0	0.0	1.0	1.0	0.4	0.0	0.4	0.4	0.4	0.0	0.4	0.4									75	0	260	260	184	0	350	350	12.9	0.0	13.0	12.9	-5.0	0.0	-4.7	-5.1					96.3	0.0	96.6	95.8
01/16/2009 01:40:00	0.4	0.0	0.4	0.4	1.0	0.0	1.0	1.0	0.4	0.0	0.4	0.4	0.4	0.0	0.4	0.4									75	0	260	260	184	0	350	350	12.9	0.0	13.0	12.9	-5.0	0.0	-4.7	-5.1					96.2	0.0	96.6	95.8
01/16/2009 01:50:00	0.4	0.0	0.4	0.4	1.0	0.0	1.0	1.0	0.4	0.0	0.4	0.4	0.4	0.0	0.4	0.4									75	0	260	260	184	0	350	350	12.9	0.0	13.0	12.9	-5.2	0.0	-5.1	-5.4					96.0	0.0	96.4	95.6
01/16/2009 02:00:00	0.4	0.0	0.4	0.4	1.0	0.0	1.0	1.0	0.4	0.0	0.4	0.4	0.4	0.0	0.4	0.4									75	0	260	260	184	0	350	350	12.9	0.0	13.0	12.9	-4.7	0.2	-4.5	-5.1					96.6	0.3	97.1	95.8
01/16/2009 02:10:00	0.4	0.0	0.4	0.4	1.0	0.0	1.0	1.0	0.4	0.0	0.4	0.4	0.4	0.0	0.4	0.4									75	0	260	260	184	0	350	350	12.9	0.0	13.0	12.9	-4.1	0.1	-3.8	-4.5					97.4	0.2	97.9	96.6
01/16/2009 02:20:00	0.4	0.0	0.4	0.4	1.0	0.0	1.0	1.0	0.4	0.0	0.4	0.4	0.4	0.0	0.4	0.4									75	0	260	260	184	0	350	350	12.9	0.0	13.0	12.9	-4.1	0.2	-3.8	-4.5					97.5	0.2	97.9	96.9
01/16/2009 02:30:00	0.4	0.0	0.4	0.4	1.0	0.0	1.0	1.0	0.4	0.0	0.4	0.4	0.4	0.0	0.4	0.4									75	0	260	260	184	0	350	350	12.9	0.0	13.0	12.9	-4.5	0.0	-4.5	-4.7					97.0	0.0	97.4	96.6
01/16/2009 02:40:00	0.4	0.0	0.4	0.4	1.0	0.0	1.0	1.0	0.4	0.0	0.4	0.4	0.4	0.0	0.4	0.4									75	0	260	260	184	0	350	350	12.9	0.0	13.0	12.9	-4.2	0.0	-4.0	-4.5					97.3	0.0	97.7	96.6
01/16/2009 02:50:00	0.4	0.0	0.4	0.4	1.0	0.0	1.0	1.0	0.4	0.0	0.4	0.4	0.4	0.0	0.4	0.4									75	0	260	260	184	0	350	350	12.9	0.0	13.0	12.9	-4.1	0.0	-4.0	-4.0					97.4	0.0	97.7	97.1
01/16/2009 03:00:00	0.4	0.0	0.4	0.4	1.0	0.0	1.0	1.0	0.4	0.0	0.4	0.4	0.4	0.0	0.4	0.4									75	0	260	260	184	0	350	350	12.9	0.0	13.0	12.9	-4.0	0.0	-3.8	-4.0					97.5	0.0	97.9	97.1
01/16/2009 03:10:00	0.4	0.0	0.4	0.4	1.0	0.0	1.0	1.0	0.4	0.0	0.4	0.4	0.4	0.0	0.4	0.4									75	0	260	260	184	0	350	350	12.9	0.0	13.0	12.9	-3.6	0.1	-3.4	-3.8					98.1	0.2	98.5	97.4
01/16/2009 03:20:00	0.4	0.0	0.4	0.4	1.0	0.0	1.0	1.0	0.4	0.0	0.4	0.4	0.4	0.0	0.4	0.4									75	0	260	260	184	0	350	350	12.9	0.0	13.0	12.9	-3.2	0.0	-3.1	-3.4					98.6	0.1	99.0	98.2
01/16/2009 03:30:00	0.4	0.0	0.4	0.4	1.0	0.0	1.0	1.0	0.4	0.0	0.4	0.4	0.4	0.0	0.4	0.4									75	0	260	260	184	0	350	350	12.9	0.0	13.0	12.9	-3.3	0.0	-3.1	-3.6					98.6	0.1	99.0	98.2
01/16/2009 03:40:00	0.4	0.0	0.4	0.4	1.0	0.0	1.0	1.0	0.4	0.0	0.4	0.4	0.4	0.0	0.4	0.4									75	0	260	260	184	0	350	350	12.9	0.0	13.0	12.9	-3.4	0.0	-3.4	-3.6					98.5	0.1	98.7	97.9
01/16/2009 03:50:00	0.4	0.0	0.4	0.4	1.0	0.0	1.0	1.0	0.4	0.0	0.4	0.4	0.4	0.0	0.4	0.4									75	0	260	260	184	0	350	350	12.9	0.0	13.0	12.9	-3.2	0.0	-3.1	-3.4					98.7	0.1	99.0	98.2
01/16/2009 04:00:00	0.4	0.0	0.4	0.4	1.0	0.0	1.0	1.0	0.4	0.0	0.4	0.4	0.4	0.0	0.4	0.4									75	0	260	260	184	0	350	350	12.9	0.0	13.0	12.9	-3.0	0.1	-2.7	-3.1					99.0	0.2	99.5	98.2
01/16/2009 04:10:00	0.4	0.0	0.4	0.4	1.0	0.0	1.0	1.0	0.4	0.0	0.4	0.4	0.4	0.0	0.4	0.4									75	0	260	260	184	0	350	350	12.9	0.0	13.0	12.9	-2.7	0.0	-2.7	-2.7					99.4	0.0	99.5	99.0
01/16/2009 04:20:00	0.4	0.0	0.4	0.4	1.0	0.0	1.0	1.0	0.4	0.0	0.4	0.4	0.4	0.0	0.4	0.4									75	0	260	260	184	0	350	350	12.9	0.0	13.0	12.9	-2.7	0.0	-2.4	-2.7					99.5	0.1	99.8	99.0
01/16/2009 04:30:00	0.4	0.0	0.4	0.4	1.0	0.0	1.0	1.0	0.4	0.0	0.4	0.4	0.4	0.0	0.4	0.4									75	0	260	260	184	0	350	350	12.9	0.0	13.0	12.9	-2.7	0.0	-2.7	-2.7					99.5	0.0	99.8	99.0
01/16/2009 04:40:00	0.4	0.0	0.4	0.4	1.0	0.0	1.0	1.0	0.4	0.0	0.4	0.4	0.4	0.0	0.4	0.4									75	0	260	260	184	0	350	350	12.9	0.0	13.0	12.9	-2.7	0.0	-2.7	-2.7					99.5	0.1	99.8	99.0
01/16/2009 04:50:00	0.4	0.0	0.4	0.4	1.0	0.0	1.0	1.0	0.4	0.0	0.4	0.4	0.4	0.0	0.4	0.4									75	0	260	260	184	0	350	350	12.9	0.0	13.0	12.9	-2.6	0.0	-2.4	-2.7					99.6	0.0	99.8	99.0
01/16/2009 05:00:00	0.4	0.0	0.4	0.4	1.0	0.0	1.0	1.0	0.4	0.0	0.4	0.4	0.4	0.0	0.4	0.4									75	0	260	260	184	0	350	350	12.9	0.0	13.0	12.9	-2.4	0.0	-2.4	-2.7					99.7	0.0	100.1	99.3
01/16/2009 05:10:00	0.4	0.0	0.4	0.4	1.0	0.0	1.0	1.0	0.4	0.0	0.4	0.4	0.4	0.0	0.4	0.4									75	0	260	260	184	0	350	350	12.9	0.0	13.0	12.9	-2.3	0.0	-2.2	-2.4					99.9	0.0	100.4	99.5
01/16/2009 05:20:00	0.4	0.0	0.4	0.4	1.0	0.0	1.0	1.0	0.4	0.0	0.4	0.4	0.4	0.0	0.4	0.4									75	0	260	260	184	0	350	350	12.9	0.0	13.0	12.9	-2.2	0.0	-2.2	-2.4					100.1	0.1	100.4	99.5
01/16/2009 05:30:00	0.4	0.0	0.4	0.4	1.0	0.0	1.0	1.0	0.4	0.0	0.4	0.4	0.4	0.0	0.4	0.4									75	0	260	260	184	0	350	350	12.9	0.0	13.0	12.9	-2.2	0.0	-2.0	-2.2					100.1	0.1	100.4	99.5
01/16/2009 05:40:00	0.4	0.0	0.4	0.4	1.0	0.0	1.0	1.0	0.4	0.0	0.4	0.4	0.4	0.0	0.4	0.4									75	0	260	260	184	0	350	350	12.9	0.0	13.0	12.9	-2.0	0.0	-1.8	-2.0					100.2	0.0	100.4	99.8
01/16/2009 05:50:00	0.4	0.0	0.4	0.4	1.0	0.0	1.0	1.0	0.4	0.0	0.4	0.4	0.4	0.0	0.4	0.4									75	0	260	260	184	0	350	350	12.9	0.0	13.0	12.9	-1.9	0.0	-1.8	-2.0					100.2	0.0	100.4	100.1
01/16/2009 06:00:00	0.4	0.0	0.4	0.4	1.0	0.0	1.0	1.0	0.4	0.0	0.4	0.4	0.4	0.0	0.4	0.4									75	0	260	260	184	0	350	350	12.9	0.0	13.0	12.9	-1.9	0.0	-1.8	-2.0					100.2	0.0	100.4	100.1
01/16/2009 06:10:00	0.4	0.0	0.4	0.4	1.0	0.0	1.0	1.0	0.4	0.0	0.4	0.4	0.4	0.0	0.4	0.4									75	0	260	260	184	0	350	350	12.9	0.0	13.0	12.9	-2.3	0.3	-1.8	-3.1					100.1	0.0	100.4	99.5
01/16/2009 06:20:00	0.4	0.0	0.4	0.4	1.0	0.0	1.0	1.0	0.4	0.0	0.4	0.4	0.4	0.0	0.4	0.4									75	0	260	260	184	0	350	350	13.0	0.0	13.0	12.9	-3.2	0.2	-2.9	-3.8					99.2	0.3	100.1	98.2
01/16/2009 06:30:00	0.4	0.0	0.4	0.4	1.0	0.0	1.0	1.0	0.4	0.0	0.4	0.4	0.4	0.0	0.4	0.4									75	0	260	260	184	0	350	350	13.0	0.0	13.0	12.9	-3.9	0.0	-3.6	-4.0					98.1	0.2	99.0	97.4
01/16/2009 06:40:00	0.4	0.0	0.4	0.4	1.0	0.0	1.0	1.0	0.4	0.0	0.4	0.4	0.4	0.0	0.4	0.4									75	0	260	260	184	0	350	350	13.0	0.0	13.0	12.9	-4.2	0.1	-3.8	-4.5					97.5	0.2	97.9	96.9
01/16/2009 06:50:00	0.4	0.0	0.4	0.4	1.0	0.0	1.0	1.0	0.4	0.0	0.4	0.4	0.4	0.0	0.4	0.4									75	0	260	260	184	0	350	350	12.9	0.0	13.0	12.9	-2.2	1.0	-1.1	-4.0					99.5	0.9	100.4	97.4
01/16/2009 07:00:00	0.4	0.0	0.4	0.4	1.0	0.0	1.0	1.0	0.4	0.0	0.4	0.4	0.4	0.0	0.4	0.4									75	0	260	260	184	0	350	350	12.9	0.0	13.0	12.9	-1.1	0.0	-0.8	-1.1					100.2	0.0	100.4	100.4
01/16/2009 07:10:00	0.4	0.0	0.4	0.4	1.0	0.0	1.0	1.0	0.4	0.0	0.4	0.4	0.4	0.0	0.4	0.4									75	0	260	260	184	0	350	350	12.9	0.0	13.0	12.9	-1.1	0.0	-0.8	-1.1					100.2	0.0	100.4	100.4
01/16/2009 07:20:00	0.4	0.0	0.4	0.4	1.0	0.0	1.0	1.0	0.4	0.0	0.4	0.4	0.4	0.0	0.4	0.4									75	0	260	260	184	0	350	350	12.9	0.0	13.0	12.9	-1.2	0.0	-1.1	-1.3					100.2	0.0	100.4	100.4
01/16/2009 07:30:00	0.4	0.0	0.4	0.4	1.0	0.0	1.0	1.0	0.4	0.0	0.4	0.4	0.4	0.0	0.4	0.4									75	0	260	260	184	0	350	350	12.9	0.0	13.0	12.9	-1.0	0.0	-0.8	-1.1					100.2	0.0	100.4	100.4
01/16/2009 07:40:00	0.4	0.0	0.4	0.4	1.0	0.0	1.0	1.0	0.4	0.0	0.4	0.4	0.4	0.0	0.4	0.4									75	0	260	260	184	0	350	350	12.9	0.0	13.0	12.9	-0.7	0.0	-0.6	-0.8					100.2	0.0	100.4	100.4
01/16/2009 07:50:00	0.4	0.0	0.4	0.4	1.0	0.0	1.0	1.0	0.4	0.0	0.4	0.4	0.4	0.0	0.4	0.4									75	0	260	260	184	0	350	350	12.9	0.0	13.0	12.9	-0.6	0.0	-0.4	-0.6					100.2	0.0	100.4	100.4
01/16/2009 08:00:00	0.4	0.0	0.4	0.4	1.0	0.0	1.0	1.0	0.4	0.0	0.4	0.4	0.4	0.0	0.4	0.4									75	0	260	260	184	0	350	350	12.9	0.0	13.0	12.9	-0.6	0.0	-0.4	-0.6					100.2	0.0	100.4	100.4
01/16/2009 08:10:00	0.4	0.0	0.4	0.4	1.0	0.0	1.0	1.0	0.4	0.0	0.4	0.4	0.4	0.0	0.4	0.4									76	0	260	260	184	0	350	350	12.9	0.0	13.0	12.9	-0.3	0.0	0.1	-0.4					100.2	0.0	100.4	100.4
01/16/2009 08:20:00	0.4	0.0	0.4	0.4	1.0	0.0	1.0	1.0	0.4	0.0	0.4	0.4	0.4	0.0	0.4	0.4									76	0	260	260	184	0	350	350	12.9	0.0	13.0	12.9	-0.1	0.0	0.1	-0.4					100.2	0.0	100.4	100.4
01/16/2009 08:30:00	0.4	0.0	0.4	0.4	1.0	0.0	1.0	1.0	0.4	0.0	0.4	0.4	0.4	0.0	0.4	0.4									78	0	260	260	184	0	350	350	12.9	0.0	13.0	12.9	0.0	0.0	0.1	-0.1					100.2	0.0	100.4	100.4
01/16/2009 08:40:00	0.4	0.0	0.4	0.4	1.0	0.0	1.0	1.0	0.4	0.0	0.4	0.4	0.4	0.0	0.4	0.4									79	0	260	260	184	0	350	350	12.9	0.0	13.0	12.9	0.0	0.0	0.1	0.1					100.2	0.0	100.4	100.4
01/16/2009 08:50:00	0.4	0.0	0.4	0.4	1.0	0.0	1.0	1.0	0.4	0.0	0.4	0.4	0.4	0.0	0.4	0.4									80	0	260	260	184	0	350	350	12.9	0.0	13.0	12.9	0.0	0.0	0.3	0.1					100.2	0.0	100.4	100.4
01/16/2009 09:00:00	0.4	0.0	0.4	0.4	1.0	0.0	1.0	1.0	0.4	0.0	0.4	0.4	0.4	0.0	0.4	0.4									81	0	260	260	184	0	350	350	13.0	0.0	13.0	12.9	0.0	0.0	0.3	0.1					100.2	0.0	100.4	100.4
01/16/2009 09:10:00	0.4	0.0	0.4	0.4	1.0	0.0	1.0	1.0	0.4	0.0	0.4	0.4	0.4	0.0	0.4	0.4									83	0	260	260	184	0	350	350	13.0	0.0	13.0	12.9	0.0	0.0	0.3	0.1					100.2	0.0	100.4	100.4
01/16/2009 09:20:00	0.4	0.0	0.4	0.4	1.0	0.0	1.0	1.0	0.4	0.0	0.4	0.4	0.4	0.0	0.4	0.4									85	0	260	260	184	0	350	350	13.0	0.0	13.0	12.9	0.0	0.0	0.3	0.1					100.2	0.0	100.4	100.4
01/16/2009 09:30:00	0.4	0.0	0.4	0.4	1.0	0.0	1.0	1.0	0.4	0.0	0.4	0.4	0.4	0.0	0.4	0.4									87	1	260	260	184	0	350	350	13.0	0.0	13.0	12.9	0.1	0.0	0.3	0.1					100.2	0.0	100.4	100.4
01/16/2009 09:40:00	0.4	0.0	0.4	0.4	1.0	0.0	1.0	1.0	0.4	0.0	0.4	0.4	0.4	0.0	0.4	0.4									89	0	260	260	184	0	350	350	13.0	0.0	13.0	12.9	0.1	0.0	0.3	0.1					100.2	0.0	100.4	100.4
01/16/2009 09:50:00	0.4	0.0	0.4	0.4	1.0	0.0	1.0	1.0	0.4	0.0	0.4	0.4	0.4	0.0	0.4	0.4									91	0	260	260	183	0	350	350	13.0	0.0	13.0	12.9	0.1	0.0	0.3	0.1					100.2	0.0	100.4	100.4
01/16/2009 10:00:00	0.4	0.0	0.4	0.4	1.0	0.0	1.0	1.0	0.4	0.0	0.4	0.4	0.4	0.0	0.4	0.4									82	15	260	260	184	0	350	350	13.0	0.0	13.0	12.9	0.1	0.0	0.3	0.1					100.2	0.0	100.4	100.4
01/16/2009 10:10:00	0.4	0.0	0.4	0.4	1.0	0.0	1.0	1.0	0.4	0.0	0.4	0.4	0.4	0.0	0.4	0.4									64	10	260	260	184	0	350	350	12.9	0.0	13.0	12.9	0.1	0.0	0.3	0.1					100.2	0.0	100.4	100.4
01/16/2009 10:20:00	3.3	0.6	4.2	0.4	1.0	0.0	1.0	1.0	0.4	0.0	0.4	0.4	0.4	0.0	0.4	0.4									61	11	54	260	184	0	350	350	12.9	0.0	13.0	12.9	0.3	0.0	0.6	0.3					100.2	0.0	100.4	100.4
01/16/2009 10:30:00	3.7	0.2	4.2	3.0	1.0	0.0	1.0	1.0	0.4	0.0	0.4	0.4	0.4	0.0	0.4	0.4									62	10	75	260	184	0	350	350	12.9	0.0	13.0	12.9	0.5	0.0	0.6	0.3					100.2	0.0	100.4	100.1
01/16/2009 10:40:00	3.9	0.2	4.2	3.4	1.0	0.0	1.0	1.0	0.4	0.0	0.4	0.4	0.4	0.2	1.5	0.4									66	9	67	260	184	0	350	350	12.9	0.0	13.0	12.9	0.5	0.0	0.6	0.6					100.2	0.0	100.4	100.4
01/16/2009 10:50:00	4.1	0.2	4.6	3.8	1.0	0.0	1.0	1.0	0.4	0.1	1.5	0.4	0.6	0.3	1.5	0.4									65	8	54	260	184	0	350	350	12.9	0.0	13.0	12.9	0.5	0.0	0.6	0.6					100.2	0.0	100.4	100.4
01/16/2009 11:00:00	6.9	4.5	17.9	3.8	1.0	0.0	1.0	1.0	0.4	0.1	1.5	0.4	0.7	0.3	1.5	0.4									67	7	85	260	184	0	350	350	12.9	0.0	12.9	12.9	0.5	0.0	0.6	0.6					100.2	0.0	100.4	100.1
01/16/2009 11:10:00	14.6	1.4	17.9	11.1	1.0	0.0	1.0	1.0	0.5	0.2	1.1	0.4	0.6	0.3	1.1	0.4									68	9	57	260	184	0	350	350	12.8	0.0	12.9	12.8	0.7	0.0	0.8	0.6					100.2	0.0	100.4	99.5
01/16/2009 11:20:00	16.3	1.7	21.0	11.5	7.9	7.7	20.4	1.0	0.6	0.3	1.9	0.4	0.7	0.3	1.1	0.4									70	6	67	260	180	4	172	350	12.6	0.1	12.8	12.4	0.8	0.0	1.0	0.6					100.2	0.0	100.4	99.3
01/16/2009 11:30:00	17.0	1.5	20.6	12.6	16.3	1.4	20.4	11.3	0.7	0.3	1.5	0.4	0.9	0.3	1.5	0.4									69	6	69	260	75	26	65	350	12.3	0.0	12.4	12.3	0.8	0.0	1.0	0.6					100.2	0.0	100.4	100.4
01/16/2009 11:40:00	17.8	1.8	21.8	12.2	17.0	1.8	21.9	12.2	1.2	0.5	2.3	0.4	12.8	6.1	21.0	0.4									70	5	76	260	70	8	61	350	12.3	0.0	12.3	12.2	0.9	0.0	1.0	0.8					100.2	0.0	100.4	100.4
01/16/2009 11:50:00	17.9	1.9	22.6	12.6	17.2	1.8	21.6	12.7	1.5	0.3	2.3	0.7	16.1	1.9	20.6	10.7									74	6	83	260	70	8	67	350	12.2	0.0	12.3	12.2	1.0	0.0	1.0	0.8					100.2	0.0	100.4	100.4
01/16/2009 12:00:00	18.2	1.7	22.1	12.6	17.5	1.7	21.6	11.9	17.3	2.1	21.4	12.2	16.1	1.9	20.2	10.3									78	6	86	260	74	9	76	350	12.2	0.0	12.3	12.2	1.0	0.0	1.3	1.0					100.2	0.0	100.4	100.4
01/16/2009 12:10:00	18.7	2.2	24.4	12.6	17.6	2.2	23.3	12.2	17.4	2.3	22.9	12.2	16.1	2.4	22.9	10.7									83	8	94	260	79	11	89	350	12.2	0.0	12.3	12.2	1.2	0.0	1.3	1.0					100.2	0.0	100.4	100.4
01/16/2009 12:20:00	19.8	2.2	24.4	14.1	18.5	2.2	23.3	12.4	18.5	2.3	23.7	12.6	16.4	2.5	22.1	8.8									87	7	89	260	83	13	81	350	12.2	0.0	12.2	12.2	1.2	0.0	1.3	1.0					100.2	0.0	100.4	100.4
01/16/2009 12:30:00	20.2	2.0	24.8	14.1	18.5	2.2	23.6	12.2	18.7	2.4	24.4	11.1	16.1	2.5	22.9	9.1									89	6	93	260	85	11	86	350	12.3	0.0	12.3	12.2	1.4	0.0	1.5	1.3					100.2	0.0	100.4	100.4
01/16/2009 12:40:00	19.5	2.2	24.8	11.1	17.6	2.3	23.0	10.7	17.8	2.5	23.3	7.6	15.3	2.8	21.8	6.5									90	7	89	260	87	14	80	350	12.4	0.0	12.4	12.3	1.6	0.0	2.0	1.5					100.2	0.0	100.4	100.4
01/16/2009 12:50:00	18.8	2.0	23.3	13.7	17.2	2.0	22.5	10.7	17.5	2.3	22.9	11.1	14.9	2.6	21.4	8.4									93	7	89	260	88	11	87	350	12.4	0.0	12.8	12.3	2.0	0.1	2.2	1.5					100.2	0.0	100.4	100.4
01/16/2009 13:00:00	19.7	1.7	23.7	14.5	17.9	2.0	22.7	11.3	18.2	2.1	23.3	11.5	15.4	2.5	21.4	6.8									93	6	95	260	88	10	74	350	12.3	0.0	12.4	12.3	2.2	0.0	2.2	2.0					100.2	0.0	100.4	100.4
01/16/2009 13:10:00	19.4	1.7	24.8	13.7	17.6	1.9	22.5	11.6	17.9	2.2	22.9	10.7	15.2	2.7	21.8	6.8									96	6	92	260	91	10	86	350	12.3	0.0	12.3	12.2	2.0	0.0	2.2	2.0					100.2	0.0	100.4	100.4
01/16/2009 13:20:00	19.9	1.6	24.8	15.6	18.4	1.6	23.9	13.9	18.7	1.7	23.3	13.0	16.6	2.6	23.3	8.4									97	6	94	260	92	8	88	350	12.2	0.0	12.3	12.2	2.2	0.0	2.5	2.0					100.2	0.0	100.4	100.4
01/16/2009 13:30:00	18.8	1.5	22.6	14.1	17.3	1.5	21.3	13.6	17.8	1.7	21.8	12.6	16.1	2.0	21.0	10.3									100	5	106	260	95	8	96	350	12.2	0.0	12.3	12.2	2.2	0.0	2.2	2.0					100.2	0.0	100.4	100.4
01/16/2009 13:40:00	19.8	1.7	24.0	15.3	18.8	1.7	23.6	13.6	19.2	1.7	23.7	13.7	17.7	2.0	22.9	10.3									103	5	109	260	99	6	103	350	12.3	0.0	12.3	12.2	2.3	0.0	2.5	2.2					100.2	0.0	100.4	100.4
01/16/2009 13:50:00	19.6	1.9	24.0	15.3	18.6	2.0	23.6	13.6	18.9	2.1	23.7	11.8	17.3	2.4	23.7	10.3									105	5	105	260	100	8	98	350	12.3	0.0	12.3	12.2	2.5	0.0	2.7	2.2					100.2	0.0	100.4	100.4
01/16/2009 14:00:00	19.1	2.1	24.4	12.6	17.2	2.2	23.9	12.7	18.4	2.1	24.4	12.6	17.2	2.2	23.7	11.1									110	7	110	260	105	9	98	350	12.3	0.0	12.3	12.2	2.8	0.0	3.2	2.7					100.2	0.0	100.4	100.4
01/16/2009 14:10:00	18.1	2.1	24.0	13.3	16.3	2.0	22.2	11.9	17.7	2.0	22.9	13.0	17.0	2.0	22.1	11.8									111	6	110	260	105	7	101	350	12.3	0.0	12.3	12.2	3.4	0.1	3.7	2.9					100.2	0.0	100.4	100.4
01/16/2009 14:20:00	18.1	1.9	23.3	13.0	16.0	1.9	21.9	11.6	17.5	1.9	23.3	13.0	16.6	2.1	23.3	11.8									112	6	115	260	106	7	99	350	12.3	0.0	12.3	12.2	3.6	0.0	3.7	3.4					100.2	0.0	100.4	100.4
01/16/2009 14:30:00	18.6	1.8	22.9	14.5	16.0	1.8	21.0	12.2	18.2	1.8	23.3	13.0	17.4	2.1	22.6	11.1									114	6	115	260	108	6	104	350	12.2	0.0	12.3	12.2	3.6	0.0	3.7	3.4					100.2	0.0	100.4	100.4
01/16/2009 14:40:00	20.5	1.9	24.8	15.6	17.2	1.9	23.9	13.3	20.0	2.1	24.8	14.5	18.8	2.3	24.8	13.0									117	6	109	260	110	8	100	350	12.2	0.0	12.3	12.2	3.9	0.0	4.2	3.7					100.2	0.0	100.4	100.4
01/16/2009 14:50:00	20.1	1.7	25.6	16.1	16.6	1.5	21.9	13.0	19.6	1.7	24.4	14.9	18.6	2.0	24.0	13.0									118	6	119	260	112	6	102	350	12.2	0.0	12.2	12.2	3.8	0.0	4.2	3.7					100.2	0.0	100.4	100.4
01/16/2009 15:00:00	21.2	2.0	25.6	14.9	17.6	1.8	22.2	13.6	20.8	2.2	26.0	13.7	19.8	2.1	25.6	13.3									119	5	128	260	112	7	121	350	12.2	0.0	12.3	12.2	3.9	0.0	4.2	3.7					100.2	0.0	100.4	100.4
01/16/2009 15:10:00	20.2	2.0	25.6	15.6	16.7	2.2	23.9	12.4	19.8	2.1	25.2	14.1	19.0	2.2	24.8	13.3									118	6	114	260	111	7	104	350	12.2	0.0	12.2	12.2	3.9	0.0	4.2	3.7					100.2	0.0	100.4	100.4
01/16/2009 15:20:00	18.5	1.6	22.6	14.5	15.6	1.7	23.0	11.6	18.1	1.7	22.9	13.0	17.2	1.8	22.6	12.6									116	6	114	260	110	7	106	350	12.2	0.0	12.2	12.2	3.9	0.0	4.2	3.7					100.2	0.0	100.4	100.4
01/16/2009 15:30:00	18.8	2.0	24.0	14.1	15.9	1.8	21.3	12.2	18.4	2.0	22.9	12.2	17.3	2.2	21.8	9.9									116	6	110	260	110	7	104	350	12.2	0.0	12.2	12.2	3.7	0.0	3.9	3.7					100.2	0.0	100.4	100.4
01/16/2009 15:40:00	18.9	1.6	22.6	13.7	15.6	1.8	21.3	11.6	18.5	1.8	23.3	12.6	17.6	2.0	22.6	12.2									117	5	116	260	110	7	111	350	12.2	0.0	12.2	12.2	3.7	0.0	3.9	3.7					100.2	0.0	100.4	100.4
01/16/2009 15:50:00	18.0	1.5	22.6	13.3	15.0	1.5	18.7	11.3	17.5	1.7	22.6	12.6	16.6	1.7	21.4	11.8									116	5	120	260	110	7	99	350	12.2	0.0	12.2	12.2	3.7	0.0	3.7	3.4					100.2	0.0	100.4	100.4
01/16/2009 16:00:00	18.7	1.5	22.6	14.1	15.8	1.6	20.7	11.9	18.4	1.5	22.6	13.7	17.7	1.7	22.6	13.0									115	5	117	260	109	6	110	350	12.2	0.0	12.2	12.2	3.6	0.0	3.7	3.4					100.2	0.0	100.4	100.4
01/16/2009 16:10:00	18.2	1.5	21.8	14.9	15.1	1.4	19.0	12.2	17.8	1.5	21.8	13.7	17.0	1.6	21.4	13.0									116	5	119	260	109	7	105	350	12.2	0.0	12.2	12.2	3.6	0.0	3.7	3.4					100.2	0.0	100.4	100.4
01/16/2009 16:20:00	18.3	1.3	21.4	13.3	15.3	1.5	21.3	12.2	17.9	1.4	21.0	13.7	17.1	1.5	20.6	11.8									116	5	107	260	109	6	104	350	12.2	0.0	12.2	12.2	3.6	0.0	3.7	3.4					100.2	0.0	100.4	100.4
01/16/2009 16:30:00	18.1	1.7	21.8	13.0	15.2	1.8	19.9	11.0	17.6	1.8	21.4	11.8	16.7	1.7	20.6	11.8									115	6	115	260	109	7	104	350	12.2	0.0	12.2	12.2	3.6	0.0	3.7	3.4					100.2	0.0	100.4	100.4
01/16/2009 16:40:00	17.0	1.5	21.8	13.3	14.6	1.4	18.4	11.3	16.5	1.5	21.0	12.6	15.8	1.5	19.9	11.8									114	6	111	260	108	7	107	350	12.2	0.0	12.2	12.2	3.5	0.0	3.7	3.4					100.2	0.0	100.4	100.4
01/16/2009 16:50:00	17.7	1.5	21.0	13.7	14.8	1.4	20.4	11.3	17.2	1.5	20.6	13.3	16.4	1.6	19.9	11.1									115	6	120	260	110	7	104	350	12.2	0.0	12.2	12.2	3.6	0.0	3.7	3.4					100.2	0.0	100.4	100.4
01/16/2009 17:00:00	17.5	1.5	21.4	12.2	15.2	1.5	19.3	11.3	16.8	1.5	21.0	13.0	15.8	1.7	20.2	10.7									113	6	109	260	107	7	106	350	12.2	0.0	12.2	12.2	3.6	0.0	3.7	3.4					100.2	0.0	100.4	100.4
01/16/2009 17:10:00	17.3	1.7	21.0	12.6	15.5	1.8	19.6	11.3	16.8	1.7	20.2	12.6	15.9	1.7	19.5	10.7									111	6	114	260	105	7	101	350	12.2	0.0	12.2	12.2	3.6	0.0	3.7	3.4					100.2	0.0	100.4	100.4
01/16/2009 17:20:00	17.7	1.6	21.0	11.8	16.2	1.8	20.4	10.7	17.0	1.7	21.0	11.5	16.1	1.8	20.6	10.7									109	5	108	260	104	7	103	350	12.2	0.0	12.2	12.1	3.6	0.0	3.7	3.4					100.2	0.0	100.4	100.4
01/16/2009 17:30:00	17.8	1.7	21.8	13.7	16.4	1.8	20.7	12.2	17.0	1.8	21.0	12.6	15.6	2.0	19.9	8.4									107	6	110	260	101	7	100	350	12.2	0.0	12.2	12.1	3.4	0.1	3.7	3.2					100.2	0.0	100.4	100.4
01/16/2009 17:40:00	18.5	1.5	21.4	13.7	17.4	1.6	20.7	12.4	17.9	1.6	21.0	12.6	16.5	1.8	19.9	10.7									107	5	99	260	101	6	91	350	12.2	0.0	12.2	12.1	3.2	0.0	3.4	3.2					100.2	0.0	100.4	100.4
01/16/2009 17:50:00	18.6	1.3	21.8	14.9	17.1	1.5	21.6	13.9	17.6	1.5	21.8	13.3	16.2	2.0	21.0	8.8									106	5	110	260	101	7	95	350	12.2	0.0	12.2	12.1	3.2	0.0	3.4	3.2					100.2	0.0	100.4	100.4
01/16/2009 18:00:00	17.9	1.5	21.4	13.7	16.7	1.6	21.0	12.4	17.2	1.7	21.0	12.2	15.9	2.0	20.2	10.3									106	6	113	260	101	7	95	350	12.2	0.0	12.2	12.1	3.2	0.0	3.4	2.9					100.2	0.0	100.4	100.4
01/16/2009 18:10:00	18.0	1.7	22.6	14.1	16.9	1.7	21.3	12.4	17.3	1.7	21.8	12.2	15.7	2.1	21.0	8.8									105	5	115	260	99	7	89	350	12.2	0.0	12.2	12.1	3.1	0.0	3.2	2.9					100.2	0.0	100.4	100.4
01/16/2009 18:20:00	18.5	1.5	22.6	14.1	17.4	1.8	22.7	12.4	17.9	1.7	22.1	12.6	16.6	2.0	21.4	10.7									105	5	107	260	100	7	93	350	12.2	0.0	12.2	12.1	2.9	0.0	3.2	2.7					100.2	0.0	100.4	100.4
01/16/2009 18:30:00	18.7	1.9	22.6	14.1	17.4	2.1	22.7	11.6	17.9	2.1	22.6	12.2	16.5	2.3	22.6	11.1									106	5	112	260	101	7	101	350	12.2	0.0	12.2	12.1	2.8	0.0	2.9	2.7					100.2	0.0	100.4	100.4
01/16/2009 18:40:00	18.4	1.8	22.9	12.6	17.1	1.9	22.2	11.6	17.7	2.0	22.1	11.8	16.7	2.1	21.8	10.3									108	6	107	260	102	8	107	350	12.2	0.0	12.2	12.1	2.5	0.0	2.7	2.5					100.2	0.0	100.4	100.4
01/16/2009 18:50:00	18.1	2.0	23.3	12.2	16.6	2.0	21.6	10.7	17.6	1.9	21.8	12.2	16.5	2.0	21.4	10.7									111	6	115	260	105	8	103	350	12.2	0.0	12.2	12.1	2.2	0.0	2.5	2.0					100.2	0.0	100.4	100.4
01/16/2009 19:00:00	17.3	1.7	21.8	13.7	15.5	1.9	21.3	12.2	16.7	1.9	21.8	11.8	16.1	2.0	21.4	8.8									111	6	114	260	106	7	102	350	12.2	0.0	12.2	12.1	1.9	0.0	2.2	1.7					100.2	0.0	100.4	100.4
01/16/2009 19:10:00	17.4	1.7	21.8	12.2	15.5	1.8	20.7	11.3	16.9	1.8	21.4	11.1	16.0	1.9	21.0	9.9									112	7	107	260	106	8	105	350	12.2	0.0	12.2	12.1	1.7	0.0	2.0	1.5					100.2	0.0	100.4	100.4
01/16/2009 19:20:00	16.2	1.6	19.9	12.2	14.6	1.8	18.7	10.7	15.7	1.6	19.1	12.2	14.9	1.6	19.1	10.3									111	6	109	260	106	8	98	350	12.1	0.0	12.1	12.1	1.6	0.0	1.5	1.5					100.2	0.0	100.4	100.4
01/16/2009 19:30:00	15.8	1.7	19.9	12.2	13.8	1.8	19.0	10.2	15.5	1.7	19.9	11.5	14.8	1.8	19.1	10.3									113	6	102	260	107	8	95	350	12.1	0.0	12.1	12.1	1.4	0.0	1.5	1.3					100.2	0.0	100.4	100.4
01/16/2009 19:40:00	16.1	1.6	19.5	11.8	14.4	1.7	19.0	10.7	15.6	1.7	19.9	10.7	14.8	1.7	19.1	10.3									112	5	111	260	106	6	101	350	12.1	0.0	12.1	12.1	1.2	0.0	1.3	1.0					100.2	0.0	100.4	100.4
01/16/2009 19:50:00	15.5	1.3	18.7	11.5	14.0	1.5	17.9	10.4	14.8	1.5	18.7	11.1	14.1	1.7	18.3	9.9									110	5	107	260	105	6	104	350	12.1	0.0	12.1	12.1	1.1	0.0	1.3	1.0					100.2	0.0	100.4	100.4
01/16/2009 20:00:00	14.5	1.5	17.6	10.7	13.0	1.5	17.0	9.0	13.9	1.5	17.6	9.9	13.2	1.7	16.8	8.0									111	6	101	260	105	7	106	350	12.1	0.0	12.1	12.1	1.1	0.0	1.3	1.0					100.2	0.0	100.4	100.4
01/16/2009 20:10:00	14.9	1.3	17.6	11.5	12.9	1.4	16.1	9.3	14.3	1.3	17.6	10.7	13.5	1.3	16.8	9.1									113	5	111	260	107	7	108	350	12.1	0.0	12.1	12.1	1.2	0.0	1.3	1.0					100.2	0.0	100.4	100.4
01/16/2009 20:20:00	14.4	1.0	17.2	11.1	11.9	1.1	15.3	9.6	14.0	1.1	16.8	10.3	13.3	1.2	16.4	9.5									117	4	117	260	110	5	107	350	12.1	0.0	12.1	12.1	1.0	0.0	1.3	1.0					100.2	0.0	100.4	100.4
01/16/2009 20:30:00	15.3	1.2	19.1	11.5	12.6	1.3	16.4	9.6	14.9	1.3	18.3	11.5	14.2	1.3	17.6	11.1									121	5	126	260	114	6	123	350	12.1	0.0	12.1	12.1	1.0	0.0	1.3	1.0					100.2	0.0	100.4	100.4
01/16/2009 20:40:00	15.1	1.2	17.9	12.2	13.1	1.5	18.4	9.6	15.0	1.3	19.1	11.1	14.2	1.5	18.3	9.5									127	5	134	260	119	5	127	350	12.1	0.0	12.1	12.1	1.0	0.0	1.0	0.8					100.2	0.0	100.4	100.4
01/16/2009 20:50:00	15.9	1.3	18.7	12.2	14.3	1.6	17.9	10.2	15.5	1.5	18.7	11.1	14.5	1.7	18.3	9.9									129	5	132	260	122	6	126	350	12.1	0.0	12.1	12.1	0.9	0.0	1.0	0.8					100.2	0.0	100.4	100.4
01/16/2009 21:00:00	15.7	1.0	18.7	13.3	15.0	1.3	18.2	11.3	15.6	1.1	18.3	12.2	14.9	1.4	18.7	9.5									129	4	129	260	122	5	122	350	12.1	0.0	12.1	12.1	0.6	0.0	1.0	0.3					100.2	0.0	100.4	100.4
01/16/2009 21:10:00	14.9	1.0	17.6	12.2	14.3	1.1	17.3	11.3	14.8	1.0	17.2	11.8	14.0	1.3	16.8	10.3									129	4	134	260	122	5	126	350	12.1	0.0	12.1	12.1	0.3	0.0	0.6	0.3					100.2	0.0	100.4	100.4
01/16/2009 21:20:00	15.7	1.0	17.9	12.6	15.4	1.2	18.4	11.6	15.6	1.0	18.3	12.6	14.9	1.3	17.9	11.1									130	4	128	260	123	5	127	350	12.1	0.0	12.1	12.1	0.4	0.0	0.6	0.3					100.2	0.0	100.4	100.4
01/16/2009 21:30:00	15.4	1.0	17.9	13.0	15.4	1.2	18.4	12.4	15.2	1.0	17.9	10.7	14.5	1.2	17.9	9.9									131	4	134	260	124	5	125	350	12.1	0.0	12.1	12.1	0.5	0.0	0.6	0.3					100.2	0.0	100.4	100.4
01/16/2009 21:40:00	15.7	1.2	19.9	12.6	16.1	1.4	20.7	12.7	15.4	1.2	19.5	11.5	15.0	1.5	19.1	10.3									131	4	129	260	125	5	131	350	12.1	0.0	12.1	12.1	0.4	0.0	0.6	0.3					100.2	0.0	100.4	100.4
01/16/2009 21:50:00	15.2	1.1	17.2	12.6	16.0	1.2	19.0	12.7	15.1	1.0	17.6	12.2	14.6	1.3	17.6	10.3									133	4	132	260	126	5	128	350	12.1	0.0	12.1	12.1	0.2	0.0	0.3	0.1					100.2	0.0	100.4	100.4
01/16/2009 22:00:00	14.9	1.0	17.2	11.5	15.9	1.1	18.7	11.9	14.9	1.0	17.2	11.1	14.5	1.2	17.2	10.3									133	2	134	260	128	5	130	350	12.1	0.0	12.1	12.1	0.1	0.0	0.3	0.1					100.2	0.0	100.4	100.4
01/16/2009 22:10:00	13.8	1.0	16.1	10.7	14.9	1.1	17.3	11.6	13.7	1.0	15.6	10.7	13.3	1.1	15.6	10.3									133	0	134	260	129	4	128	350	12.1	0.0	12.1	12.1	0.1	0.0	0.3	0.1					100.2	0.0	100.4	100.4
01/16/2009 22:20:00	14.9	1.7	22.1	11.5	15.9	1.5	23.3	12.4	14.8	1.5	22.6	11.5	14.1	1.5	21.8	10.7									133	0	134	260	133	7	140	350	12.1	0.0	12.1	12.1	0.0	0.0	0.3	-0.1					100.2	0.0	100.4	100.4
01/16/2009 22:30:00	18.7	1.7	24.4	14.9	19.9	1.9	24.7	15.9	18.6	1.8	23.3	14.1	18.2	2.1	24.0	13.0									133	0	134	260	144	6	144	350	12.1	0.0	12.1	12.1	0.0	0.0	0.3	0.1					100.2	0.0	100.4	100.4
01/16/2009 22:40:00	21.2	2.7	29.4	14.5	22.3	2.8	29.3	16.4	21.1	2.8	28.3	15.3	20.4	3.1	28.3	13.0									133	0	134	260	149	9	146	350	12.1	0.0	12.1	12.0	-0.1	0.0	0.3	-0.4					100.2	0.0	100.4	100.4
01/16/2009 22:50:00	25.9	2.5	32.1	20.2	27.0	2.4	32.7	20.7	25.9	2.5	32.1	19.9	25.2	2.7	30.6	16.1									133	0	134	260	148	8	150	350	12.1	0.0	12.1	12.0	-0.4	0.1	-0.1	-0.6					100.2	0.0	100.4	100.4
01/16/2009 23:00:00	23.4	2.1	29.4	18.7	24.4	2.3	31.6	19.0	23.2	2.2	29.1	17.6	22.8	2.4	29.4	16.1									133	0	134	260	146	8	151	350	12.1	0.0	12.1	12.0	-0.6	0.0	-0.4	-0.6					100.2	0.0	100.4	100.4
01/16/2009 23:10:00	22.6	2.4	30.2	17.2	23.2	2.5	30.7	17.0	22.5	2.6	30.2	16.4	21.6	2.7	30.6	15.3									133	0	134	260	150	8	153	350	12.1	0.0	12.1	12.0	-0.8	0.1	-0.6	-1.1					100.2	0.0	100.4	100.4
01/16/2009 23:20:00	25.7	2.4	30.9	18.3	26.0	2.7	31.3	17.6	25.9	2.6	31.3	18.7	25.0	2.8	31.8	15.6									133	0	134	260	157	9	161	350	12.1	0.0	12.1	12.0	-1.4	0.2	-1.1	-1.8					100.2	0.0	100.4	100.4
01/16/2009 23:30:00	25.6	1.8	30.2	20.2	25.6	2.2	31.9	19.0	25.7	2.0	30.9	19.9	24.7	2.2	29.4	17.2									133	0	134	260	158	8	144	350	12.1	0.0	12.1	12.0	-1.9	0.1	-1.8	-2.2					100.2	0.0	100.4	100.4
01/16/2009 23:40:00	26.9	2.1	35.2	21.4	27.2	2.3	35.0	20.7	27.2	2.3	35.5	20.6	26.5	2.4	34.0	19.5									133	0	134	260	158	6	151	350	12.1	0.0	12.1	12.0	-2.4	0.1	-2.0	-2.7					100.2	0.0	100.4	100.4
01/16/2009 23:50:00	27.9	2.8	34.0	20.6	28.2	3.0	35.0	20.7	27.8	3.1	35.2	19.5	27.0	3.1	35.9	17.9									133	0	134	260	149	8	155	350	12.1	0.0	12.1	12.0	-2.8	0.0	-2.4	-3.1					100.2	0.0	100.4	100.4
